/*--------------------------------*- C++ -*----------------------------------*\
| =========                 |                                                 |
| \\      /  F ield         | OpenFOAM: The Open Source CFD Toolbox           |
|  \\    /   O peration     | Version:  2606                                  |
|   \\  /    A nd           | Website:  www.openfoam.com                      |
|    \\/     M anipulation  |                                                 |
\*---------------------------------------------------------------------------*/
FoamFile
{
    version     2.0;
    format      ascii;
    arch        "LSB;label=32;scalar=64";
    class       faceList;
    location    "constant/polyMesh";
    object      faces;
}
// * * * * * * * * * * * * * * * * * * * * * * * * * * * * * * * * * * * * * //


351
(
4(2 144 145 3)
4(4 146 147 5)
4(6 148 149 7)
4(8 150 151 9)
4(10 152 153 11)
4(12 154 155 13)
4(14 156 157 15)
4(16 158 159 17)
4(18 160 161 19)
4(20 162 163 21)
4(22 164 165 23)
4(24 166 167 25)
4(26 168 169 27)
4(28 170 171 29)
4(30 172 173 31)
4(32 174 175 33)
4(34 176 177 35)
4(36 178 179 37)
4(38 180 181 39)
4(40 182 183 41)
4(42 184 185 43)
4(44 186 187 45)
4(46 188 189 47)
4(48 190 191 49)
4(50 192 193 51)
4(52 194 195 53)
4(54 196 197 55)
4(56 198 199 57)
4(58 200 201 59)
4(60 202 203 61)
4(62 204 205 63)
4(64 206 207 65)
4(66 208 209 67)
4(68 210 211 69)
4(70 212 213 71)
4(72 214 215 73)
4(74 216 217 75)
4(76 218 219 77)
4(78 220 221 79)
4(80 222 223 81)
4(82 224 225 83)
4(84 226 227 85)
4(86 228 229 87)
4(88 230 231 89)
4(90 232 233 91)
4(92 234 235 93)
4(94 236 237 95)
4(96 238 239 97)
4(98 240 241 99)
4(100 242 243 101)
4(102 244 245 103)
4(104 246 247 105)
4(106 248 249 107)
4(108 250 251 109)
4(110 252 253 111)
4(112 254 255 113)
4(114 256 257 115)
4(116 258 259 117)
4(118 260 261 119)
4(120 262 263 121)
4(122 264 265 123)
4(124 266 267 125)
4(126 268 269 127)
4(128 270 271 129)
4(130 272 273 131)
4(132 274 275 133)
4(134 276 277 135)
4(136 278 279 137)
4(138 280 281 139)
4(0 1 143 142)
4(140 282 283 141)
4(0 142 144 2)
4(2 144 146 4)
4(4 146 148 6)
4(6 148 150 8)
4(8 150 152 10)
4(10 152 154 12)
4(12 154 156 14)
4(14 156 158 16)
4(16 158 160 18)
4(18 160 162 20)
4(20 162 164 22)
4(22 164 166 24)
4(24 166 168 26)
4(26 168 170 28)
4(28 170 172 30)
4(30 172 174 32)
4(32 174 176 34)
4(34 176 178 36)
4(36 178 180 38)
4(38 180 182 40)
4(40 182 184 42)
4(42 184 186 44)
4(44 186 188 46)
4(46 188 190 48)
4(48 190 192 50)
4(50 192 194 52)
4(52 194 196 54)
4(54 196 198 56)
4(56 198 200 58)
4(58 200 202 60)
4(60 202 204 62)
4(62 204 206 64)
4(64 206 208 66)
4(66 208 210 68)
4(68 210 212 70)
4(70 212 214 72)
4(72 214 216 74)
4(74 216 218 76)
4(76 218 220 78)
4(78 220 222 80)
4(80 222 224 82)
4(82 224 226 84)
4(84 226 228 86)
4(86 228 230 88)
4(88 230 232 90)
4(90 232 234 92)
4(92 234 236 94)
4(94 236 238 96)
4(96 238 240 98)
4(98 240 242 100)
4(100 242 244 102)
4(102 244 246 104)
4(104 246 248 106)
4(106 248 250 108)
4(108 250 252 110)
4(110 252 254 112)
4(112 254 256 114)
4(114 256 258 116)
4(116 258 260 118)
4(118 260 262 120)
4(120 262 264 122)
4(122 264 266 124)
4(124 266 268 126)
4(126 268 270 128)
4(128 270 272 130)
4(130 272 274 132)
4(132 274 276 134)
4(134 276 278 136)
4(136 278 280 138)
4(138 280 282 140)
4(1 3 145 143)
4(3 5 147 145)
4(5 7 149 147)
4(7 9 151 149)
4(9 11 153 151)
4(11 13 155 153)
4(13 15 157 155)
4(15 17 159 157)
4(17 19 161 159)
4(19 21 163 161)
4(21 23 165 163)
4(23 25 167 165)
4(25 27 169 167)
4(27 29 171 169)
4(29 31 173 171)
4(31 33 175 173)
4(33 35 177 175)
4(35 37 179 177)
4(37 39 181 179)
4(39 41 183 181)
4(41 43 185 183)
4(43 45 187 185)
4(45 47 189 187)
4(47 49 191 189)
4(49 51 193 191)
4(51 53 195 193)
4(53 55 197 195)
4(55 57 199 197)
4(57 59 201 199)
4(59 61 203 201)
4(61 63 205 203)
4(63 65 207 205)
4(65 67 209 207)
4(67 69 211 209)
4(69 71 213 211)
4(71 73 215 213)
4(73 75 217 215)
4(75 77 219 217)
4(77 79 221 219)
4(79 81 223 221)
4(81 83 225 223)
4(83 85 227 225)
4(85 87 229 227)
4(87 89 231 229)
4(89 91 233 231)
4(91 93 235 233)
4(93 95 237 235)
4(95 97 239 237)
4(97 99 241 239)
4(99 101 243 241)
4(101 103 245 243)
4(103 105 247 245)
4(105 107 249 247)
4(107 109 251 249)
4(109 111 253 251)
4(111 113 255 253)
4(113 115 257 255)
4(115 117 259 257)
4(117 119 261 259)
4(119 121 263 261)
4(121 123 265 263)
4(123 125 267 265)
4(125 127 269 267)
4(127 129 271 269)
4(129 131 273 271)
4(131 133 275 273)
4(133 135 277 275)
4(135 137 279 277)
4(137 139 281 279)
4(139 141 283 281)
4(0 2 3 1)
4(2 4 5 3)
4(4 6 7 5)
4(6 8 9 7)
4(8 10 11 9)
4(10 12 13 11)
4(12 14 15 13)
4(14 16 17 15)
4(16 18 19 17)
4(18 20 21 19)
4(20 22 23 21)
4(22 24 25 23)
4(24 26 27 25)
4(26 28 29 27)
4(28 30 31 29)
4(30 32 33 31)
4(32 34 35 33)
4(34 36 37 35)
4(36 38 39 37)
4(38 40 41 39)
4(40 42 43 41)
4(42 44 45 43)
4(44 46 47 45)
4(46 48 49 47)
4(48 50 51 49)
4(50 52 53 51)
4(52 54 55 53)
4(54 56 57 55)
4(56 58 59 57)
4(58 60 61 59)
4(60 62 63 61)
4(62 64 65 63)
4(64 66 67 65)
4(66 68 69 67)
4(68 70 71 69)
4(70 72 73 71)
4(72 74 75 73)
4(74 76 77 75)
4(76 78 79 77)
4(78 80 81 79)
4(80 82 83 81)
4(82 84 85 83)
4(84 86 87 85)
4(86 88 89 87)
4(88 90 91 89)
4(90 92 93 91)
4(92 94 95 93)
4(94 96 97 95)
4(96 98 99 97)
4(98 100 101 99)
4(100 102 103 101)
4(102 104 105 103)
4(104 106 107 105)
4(106 108 109 107)
4(108 110 111 109)
4(110 112 113 111)
4(112 114 115 113)
4(114 116 117 115)
4(116 118 119 117)
4(118 120 121 119)
4(120 122 123 121)
4(122 124 125 123)
4(124 126 127 125)
4(126 128 129 127)
4(128 130 131 129)
4(130 132 133 131)
4(132 134 135 133)
4(134 136 137 135)
4(136 138 139 137)
4(138 140 141 139)
4(142 143 145 144)
4(144 145 147 146)
4(146 147 149 148)
4(148 149 151 150)
4(150 151 153 152)
4(152 153 155 154)
4(154 155 157 156)
4(156 157 159 158)
4(158 159 161 160)
4(160 161 163 162)
4(162 163 165 164)
4(164 165 167 166)
4(166 167 169 168)
4(168 169 171 170)
4(170 171 173 172)
4(172 173 175 174)
4(174 175 177 176)
4(176 177 179 178)
4(178 179 181 180)
4(180 181 183 182)
4(182 183 185 184)
4(184 185 187 186)
4(186 187 189 188)
4(188 189 191 190)
4(190 191 193 192)
4(192 193 195 194)
4(194 195 197 196)
4(196 197 199 198)
4(198 199 201 200)
4(200 201 203 202)
4(202 203 205 204)
4(204 205 207 206)
4(206 207 209 208)
4(208 209 211 210)
4(210 211 213 212)
4(212 213 215 214)
4(214 215 217 216)
4(216 217 219 218)
4(218 219 221 220)
4(220 221 223 222)
4(222 223 225 224)
4(224 225 227 226)
4(226 227 229 228)
4(228 229 231 230)
4(230 231 233 232)
4(232 233 235 234)
4(234 235 237 236)
4(236 237 239 238)
4(238 239 241 240)
4(240 241 243 242)
4(242 243 245 244)
4(244 245 247 246)
4(246 247 249 248)
4(248 249 251 250)
4(250 251 253 252)
4(252 253 255 254)
4(254 255 257 256)
4(256 257 259 258)
4(258 259 261 260)
4(260 261 263 262)
4(262 263 265 264)
4(264 265 267 266)
4(266 267 269 268)
4(268 269 271 270)
4(270 271 273 272)
4(272 273 275 274)
4(274 275 277 276)
4(276 277 279 278)
4(278 279 281 280)
4(280 281 283 282)
)


// ************************************************************************* //
