/*--------------------------------*- C++ -*----------------------------------*\
| =========                 |                                                 |
| \\      /  F ield         | OpenFOAM: The Open Source CFD Toolbox           |
|  \\    /   O peration     | Version:  2606                                  |
|   \\  /    A nd           | Website:  www.openfoam.com                      |
|    \\/     M anipulation  |                                                 |
\*---------------------------------------------------------------------------*/
FoamFile
{
    version     2.0;
    format      ascii;
    arch        "LSB;label=32;scalar=64";
    class       vectorField;
    location    "constant/polyMesh";
    object      points;
}
// * * * * * * * * * * * * * * * * * * * * * * * * * * * * * * * * * * * * * //


284
(
(0 0 0)
(0.01 0 0)
(0 0.0001270792671 0)
(0.01 0.0001270792671 0)
(0 0.000266860946 0)
(0.01 0.000266860946 0)
(0 0.0004206147267 0)
(0.01 0.0004206147267 0)
(0 0.0005897372129 0)
(0.01 0.0005897372129 0)
(0 0.0007757646084 0)
(0.01 0.0007757646084 0)
(0 0.0009803866703 0)
(0.01 0.0009803866703 0)
(0 0.001205462058 0)
(0.01 0.001205462058 0)
(0 0.001453035218 0)
(0.01 0.001453035218 0)
(0 0.001725354949 0)
(0.01 0.001725354949 0)
(0 0.002024894835 0)
(0.01 0.002024894835 0)
(0 0.002354375711 0)
(0.01 0.002354375711 0)
(0 0.002716790376 0)
(0.01 0.002716790376 0)
(0 0.00311543078 0)
(0.01 0.00311543078 0)
(0 0.003553917924 0)
(0.01 0.003553917924 0)
(0 0.004036234754 0)
(0.01 0.004036234754 0)
(0 0.004566762335 0)
(0.01 0.004566762335 0)
(0 0.005150319651 0)
(0.01 0.005150319651 0)
(0 0.005792207374 0)
(0.01 0.005792207374 0)
(0 0.006498256013 0)
(0.01 0.006498256013 0)
(0 0.007274878876 0)
(0.01 0.007274878876 0)
(0 0.008129130321 0)
(0.01 0.008129130321 0)
(0 0.009068769839 0)
(0.01 0.009068769839 0)
(0 0.01010233253 0)
(0.01 0.01010233253 0)
(0 0.01123920664 0)
(0.01 0.01123920664 0)
(0 0.01248971882 0)
(0.01 0.01248971882 0)
(0 0.01386522795 0)
(0.01 0.01386522795 0)
(0 0.0153782283 0)
(0.01 0.0153782283 0)
(0 0.01704246303 0)
(0.01 0.01704246303 0)
(0 0.018873049 0)
(0.01 0.018873049 0)
(0 0.02088661413 0)
(0.01 0.02088661413 0)
(0 0.02310144839 0)
(0.01 0.02310144839 0)
(0 0.02553766996 0)
(0.01 0.02553766996 0)
(0 0.02821740796 0)
(0.01 0.02821740796 0)
(0 0.03116500347 0)
(0.01 0.03116500347 0)
(0 0.03440723061 0)
(0.01 0.03440723061 0)
(0 0.03797353977 0)
(0.01 0.03797353977 0)
(0 0.04189632507 0)
(0.01 0.04189632507 0)
(0 0.04621121866 0)
(0.01 0.04621121866 0)
(0 0.05095741435 0)
(0.01 0.05095741435 0)
(0 0.05617802365 0)
(0.01 0.05617802365 0)
(0 0.06192046731 0)
(0.01 0.06192046731 0)
(0 0.06823690614 0)
(0.01 0.06823690614 0)
(0 0.07518471473 0)
(0.01 0.07518471473 0)
(0 0.08282700267 0)
(0.01 0.08282700267 0)
(0 0.09123318775 0)
(0.01 0.09123318775 0)
(0 0.1004796265 0)
(0.01 0.1004796265 0)
(0 0.1106503079 0)
(0.01 0.1106503079 0)
(0 0.1218376161 0)
(0.01 0.1218376161 0)
(0 0.1341431695 0)
(0.01 0.1341431695 0)
(0 0.1476787443 0)
(0.01 0.1476787443 0)
(0 0.1625672892 0)
(0.01 0.1625672892 0)
(0 0.1789440424 0)
(0.01 0.1789440424 0)
(0 0.1969577602 0)
(0.01 0.1969577602 0)
(0 0.2167720681 0)
(0.01 0.2167720681 0)
(0 0.2385669469 0)
(0.01 0.2385669469 0)
(0 0.2625403677 0)
(0.01 0.2625403677 0)
(0 0.2889100903 0)
(0.01 0.2889100903 0)
(0 0.3179156407 0)
(0.01 0.3179156407 0)
(0 0.3498204874 0)
(0.01 0.3498204874 0)
(0 0.3849144342 0)
(0.01 0.3849144342 0)
(0 0.4235162527 0)
(0.01 0.4235162527 0)
(0 0.4659765778 0)
(0.01 0.4659765778 0)
(0 0.5126810928 0)
(0.01 0.5126810928 0)
(0 0.5640540324 0)
(0.01 0.5640540324 0)
(0 0.6205620366 0)
(0.01 0.6205620366 0)
(0 0.6827183889 0)
(0.01 0.6827183889 0)
(0 0.751087679 0)
(0.01 0.751087679 0)
(0 0.8262909311 0)
(0.01 0.8262909311 0)
(0 0.9090112448 0)
(0.01 0.9090112448 0)
(0 1 0)
(0.01 1 0)
(0 0 0.01)
(0.01 0 0.01)
(0 0.0001270792671 0.01)
(0.01 0.0001270792671 0.01)
(0 0.000266860946 0.01)
(0.01 0.000266860946 0.01)
(0 0.0004206147267 0.01)
(0.01 0.0004206147267 0.01)
(0 0.0005897372129 0.01)
(0.01 0.0005897372129 0.01)
(0 0.0007757646084 0.01)
(0.01 0.0007757646084 0.01)
(0 0.0009803866703 0.01)
(0.01 0.0009803866703 0.01)
(0 0.001205462058 0.01)
(0.01 0.001205462058 0.01)
(0 0.001453035218 0.01)
(0.01 0.001453035218 0.01)
(0 0.001725354949 0.01)
(0.01 0.001725354949 0.01)
(0 0.002024894835 0.01)
(0.01 0.002024894835 0.01)
(0 0.002354375711 0.01)
(0.01 0.002354375711 0.01)
(0 0.002716790376 0.01)
(0.01 0.002716790376 0.01)
(0 0.00311543078 0.01)
(0.01 0.00311543078 0.01)
(0 0.003553917924 0.01)
(0.01 0.003553917924 0.01)
(0 0.004036234754 0.01)
(0.01 0.004036234754 0.01)
(0 0.004566762335 0.01)
(0.01 0.004566762335 0.01)
(0 0.005150319651 0.01)
(0.01 0.005150319651 0.01)
(0 0.005792207374 0.01)
(0.01 0.005792207374 0.01)
(0 0.006498256013 0.01)
(0.01 0.006498256013 0.01)
(0 0.007274878876 0.01)
(0.01 0.007274878876 0.01)
(0 0.008129130321 0.01)
(0.01 0.008129130321 0.01)
(0 0.009068769839 0.01)
(0.01 0.009068769839 0.01)
(0 0.01010233253 0.01)
(0.01 0.01010233253 0.01)
(0 0.01123920664 0.01)
(0.01 0.01123920664 0.01)
(0 0.01248971882 0.01)
(0.01 0.01248971882 0.01)
(0 0.01386522795 0.01)
(0.01 0.01386522795 0.01)
(0 0.0153782283 0.01)
(0.01 0.0153782283 0.01)
(0 0.01704246303 0.01)
(0.01 0.01704246303 0.01)
(0 0.018873049 0.01)
(0.01 0.018873049 0.01)
(0 0.02088661413 0.01)
(0.01 0.02088661413 0.01)
(0 0.02310144839 0.01)
(0.01 0.02310144839 0.01)
(0 0.02553766996 0.01)
(0.01 0.02553766996 0.01)
(0 0.02821740796 0.01)
(0.01 0.02821740796 0.01)
(0 0.03116500347 0.01)
(0.01 0.03116500347 0.01)
(0 0.03440723061 0.01)
(0.01 0.03440723061 0.01)
(0 0.03797353977 0.01)
(0.01 0.03797353977 0.01)
(0 0.04189632507 0.01)
(0.01 0.04189632507 0.01)
(0 0.04621121866 0.01)
(0.01 0.04621121866 0.01)
(0 0.05095741435 0.01)
(0.01 0.05095741435 0.01)
(0 0.05617802365 0.01)
(0.01 0.05617802365 0.01)
(0 0.06192046731 0.01)
(0.01 0.06192046731 0.01)
(0 0.06823690614 0.01)
(0.01 0.06823690614 0.01)
(0 0.07518471473 0.01)
(0.01 0.07518471473 0.01)
(0 0.08282700267 0.01)
(0.01 0.08282700267 0.01)
(0 0.09123318775 0.01)
(0.01 0.09123318775 0.01)
(0 0.1004796265 0.01)
(0.01 0.1004796265 0.01)
(0 0.1106503079 0.01)
(0.01 0.1106503079 0.01)
(0 0.1218376161 0.01)
(0.01 0.1218376161 0.01)
(0 0.1341431695 0.01)
(0.01 0.1341431695 0.01)
(0 0.1476787443 0.01)
(0.01 0.1476787443 0.01)
(0 0.1625672892 0.01)
(0.01 0.1625672892 0.01)
(0 0.1789440424 0.01)
(0.01 0.1789440424 0.01)
(0 0.1969577602 0.01)
(0.01 0.1969577602 0.01)
(0 0.2167720681 0.01)
(0.01 0.2167720681 0.01)
(0 0.2385669469 0.01)
(0.01 0.2385669469 0.01)
(0 0.2625403677 0.01)
(0.01 0.2625403677 0.01)
(0 0.2889100903 0.01)
(0.01 0.2889100903 0.01)
(0 0.3179156407 0.01)
(0.01 0.3179156407 0.01)
(0 0.3498204874 0.01)
(0.01 0.3498204874 0.01)
(0 0.3849144342 0.01)
(0.01 0.3849144342 0.01)
(0 0.4235162527 0.01)
(0.01 0.4235162527 0.01)
(0 0.4659765778 0.01)
(0.01 0.4659765778 0.01)
(0 0.5126810928 0.01)
(0.01 0.5126810928 0.01)
(0 0.5640540324 0.01)
(0.01 0.5640540324 0.01)
(0 0.6205620366 0.01)
(0.01 0.6205620366 0.01)
(0 0.6827183889 0.01)
(0.01 0.6827183889 0.01)
(0 0.751087679 0.01)
(0.01 0.751087679 0.01)
(0 0.8262909311 0.01)
(0.01 0.8262909311 0.01)
(0 0.9090112448 0.01)
(0.01 0.9090112448 0.01)
(0 1 0.01)
(0.01 1 0.01)
)


// ************************************************************************* //
