/*--------------------------------*- C++ -*----------------------------------*\
| =========                 |                                                 |
| \\      /  F ield         | OpenFOAM: The Open Source CFD Toolbox           |
|  \\    /   O peration     | Version:  2406                                  |
|   \\  /    A nd           | Website:  www.openfoam.com                      |
|    \\/     M anipulation  |                                                 |
\*---------------------------------------------------------------------------*/
FoamFile
{
    version     2.0;
    format      ascii;
    arch        "LSB;label=32;scalar=64";
    class       volScalarField;
    location    "0";
    object      Cx;
}
// * * * * * * * * * * * * * * * * * * * * * * * * * * * * * * * * * * * * * //

dimensions      [0 1 0 0 0 0 0];

internalField   nonuniform List<scalar> 
7800
(
0.0030666667
0.0092
0.015333333
0.021466667
0.0276
0.033733333
0.039866667
0.046
0.052133333
0.058266667
0.0644
0.070533333
0.076666667
0.0828
0.088933333
0.095066667
0.1012
0.10733333
0.11346667
0.1196
0.12573333
0.13186667
0.138
0.14413333
0.15026667
0.1564
0.16253333
0.16866667
0.1748
0.18093333
0.18706667
0.1932
0.19933333
0.20546667
0.2116
0.21773333
0.22386667
0.23
0.23613333
0.24226667
0.2484
0.25453333
0.26066667
0.2668
0.27293333
0.27906667
0.2852
0.29133333
0.29746667
0.3036
0.30973333
0.31586667
0.322
0.32813333
0.33426667
0.3404
0.34653333
0.35266667
0.3588
0.36493333
0.37106667
0.3772
0.38333333
0.38946667
0.3956
0.40173333
0.40786667
0.414
0.42013333
0.42626667
0.4324
0.43853333
0.44466667
0.4508
0.45693333
0.46306667
0.4692
0.47533333
0.48146667
0.4876
0.49373333
0.49986667
0.506
0.51213333
0.51826667
0.5244
0.53053333
0.53666667
0.5428
0.54893333
0.55506667
0.5612
0.56733333
0.57346667
0.5796
0.58573333
0.59186667
0.598
0.60413333
0.61026667
0.6164
0.62253333
0.62866667
0.6348
0.64093333
0.64706667
0.6532
0.65933333
0.66546667
0.6716
0.67773333
0.68386667
0.69
0.69613333
0.70226667
0.7084
0.71453333
0.72066667
0.7268
0.73293333
0.73906667
0.7452
0.75133333
0.75746667
0.7636
0.76973333
0.77586667
0.782
0.78813333
0.79426667
0.8004
0.80653333
0.81266667
0.8188
0.82493333
0.83106667
0.8372
0.84333333
0.84946667
0.8556
0.86173333
0.86786667
0.874
0.88013333
0.88626667
0.8924
0.89853333
0.90466667
0.9108
0.91693333
0.0030666667
0.0092
0.015333333
0.021466667
0.0276
0.033733333
0.039866667
0.046
0.052133333
0.058266667
0.0644
0.070533333
0.076666667
0.0828
0.088933333
0.095066667
0.1012
0.10733333
0.11346667
0.1196
0.12573333
0.13186667
0.138
0.14413333
0.15026667
0.1564
0.16253333
0.16866667
0.1748
0.18093333
0.18706667
0.1932
0.19933333
0.20546667
0.2116
0.21773333
0.22386667
0.23
0.23613333
0.24226667
0.2484
0.25453333
0.26066667
0.2668
0.27293333
0.27906667
0.2852
0.29133333
0.29746667
0.3036
0.30973333
0.31586667
0.322
0.32813333
0.33426667
0.3404
0.34653333
0.35266667
0.3588
0.36493333
0.37106667
0.3772
0.38333333
0.38946667
0.3956
0.40173333
0.40786667
0.414
0.42013333
0.42626667
0.4324
0.43853333
0.44466667
0.4508
0.45693333
0.46306667
0.4692
0.47533333
0.48146667
0.4876
0.49373333
0.49986667
0.506
0.51213333
0.51826667
0.5244
0.53053333
0.53666667
0.5428
0.54893333
0.55506667
0.5612
0.56733333
0.57346667
0.5796
0.58573333
0.59186667
0.598
0.60413333
0.61026667
0.6164
0.62253333
0.62866667
0.6348
0.64093333
0.64706667
0.6532
0.65933333
0.66546667
0.6716
0.67773333
0.68386667
0.69
0.69613333
0.70226667
0.7084
0.71453333
0.72066667
0.7268
0.73293333
0.73906667
0.7452
0.75133333
0.75746667
0.7636
0.76973333
0.77586667
0.782
0.78813333
0.79426667
0.8004
0.80653333
0.81266667
0.8188
0.82493333
0.83106667
0.8372
0.84333333
0.84946667
0.8556
0.86173333
0.86786667
0.874
0.88013333
0.88626667
0.8924
0.89853333
0.90466667
0.9108
0.91693333
0.0030666667
0.0092
0.015333333
0.021466667
0.0276
0.033733333
0.039866667
0.046
0.052133333
0.058266667
0.0644
0.070533333
0.076666667
0.0828
0.088933333
0.095066667
0.1012
0.10733333
0.11346667
0.1196
0.12573333
0.13186667
0.138
0.14413333
0.15026667
0.1564
0.16253333
0.16866667
0.1748
0.18093333
0.18706667
0.1932
0.19933333
0.20546667
0.2116
0.21773333
0.22386667
0.23
0.23613333
0.24226667
0.2484
0.25453333
0.26066667
0.2668
0.27293333
0.27906667
0.2852
0.29133333
0.29746667
0.3036
0.30973333
0.31586667
0.322
0.32813333
0.33426667
0.3404
0.34653333
0.35266667
0.3588
0.36493333
0.37106667
0.3772
0.38333333
0.38946667
0.3956
0.40173333
0.40786667
0.414
0.42013333
0.42626667
0.4324
0.43853333
0.44466667
0.4508
0.45693333
0.46306667
0.4692
0.47533333
0.48146667
0.4876
0.49373333
0.49986667
0.506
0.51213333
0.51826667
0.5244
0.53053333
0.53666667
0.5428
0.54893333
0.55506667
0.5612
0.56733333
0.57346667
0.5796
0.58573333
0.59186667
0.598
0.60413333
0.61026667
0.6164
0.62253333
0.62866667
0.6348
0.64093333
0.64706667
0.6532
0.65933333
0.66546667
0.6716
0.67773333
0.68386667
0.69
0.69613333
0.70226667
0.7084
0.71453333
0.72066667
0.7268
0.73293333
0.73906667
0.7452
0.75133333
0.75746667
0.7636
0.76973333
0.77586667
0.782
0.78813333
0.79426667
0.8004
0.80653333
0.81266667
0.8188
0.82493333
0.83106667
0.8372
0.84333333
0.84946667
0.8556
0.86173333
0.86786667
0.874
0.88013333
0.88626667
0.8924
0.89853333
0.90466667
0.9108
0.91693333
0.0030666667
0.0092
0.015333333
0.021466667
0.0276
0.033733333
0.039866667
0.046
0.052133333
0.058266667
0.0644
0.070533333
0.076666667
0.0828
0.088933333
0.095066667
0.1012
0.10733333
0.11346667
0.1196
0.12573333
0.13186667
0.138
0.14413333
0.15026667
0.1564
0.16253333
0.16866667
0.1748
0.18093333
0.18706667
0.1932
0.19933333
0.20546667
0.2116
0.21773333
0.22386667
0.23
0.23613333
0.24226667
0.2484
0.25453333
0.26066667
0.2668
0.27293333
0.27906667
0.2852
0.29133333
0.29746667
0.3036
0.30973333
0.31586667
0.322
0.32813333
0.33426667
0.3404
0.34653333
0.35266667
0.3588
0.36493333
0.37106667
0.3772
0.38333333
0.38946667
0.3956
0.40173333
0.40786667
0.414
0.42013333
0.42626667
0.4324
0.43853333
0.44466667
0.4508
0.45693333
0.46306667
0.4692
0.47533333
0.48146667
0.4876
0.49373333
0.49986667
0.506
0.51213333
0.51826667
0.5244
0.53053333
0.53666667
0.5428
0.54893333
0.55506667
0.5612
0.56733333
0.57346667
0.5796
0.58573333
0.59186667
0.598
0.60413333
0.61026667
0.6164
0.62253333
0.62866667
0.6348
0.64093333
0.64706667
0.6532
0.65933333
0.66546667
0.6716
0.67773333
0.68386667
0.69
0.69613333
0.70226667
0.7084
0.71453333
0.72066667
0.7268
0.73293333
0.73906667
0.7452
0.75133333
0.75746667
0.7636
0.76973333
0.77586667
0.782
0.78813333
0.79426667
0.8004
0.80653333
0.81266667
0.8188
0.82493333
0.83106667
0.8372
0.84333333
0.84946667
0.8556
0.86173333
0.86786667
0.874
0.88013333
0.88626667
0.8924
0.89853333
0.90466667
0.9108
0.91693333
0.0030666667
0.0092
0.015333333
0.021466667
0.0276
0.033733333
0.039866667
0.046
0.052133333
0.058266667
0.0644
0.070533333
0.076666667
0.0828
0.088933333
0.095066667
0.1012
0.10733333
0.11346667
0.1196
0.12573333
0.13186667
0.138
0.14413333
0.15026667
0.1564
0.16253333
0.16866667
0.1748
0.18093333
0.18706667
0.1932
0.19933333
0.20546667
0.2116
0.21773333
0.22386667
0.23
0.23613333
0.24226667
0.2484
0.25453333
0.26066667
0.2668
0.27293333
0.27906667
0.2852
0.29133333
0.29746667
0.3036
0.30973333
0.31586667
0.322
0.32813333
0.33426667
0.3404
0.34653333
0.35266667
0.3588
0.36493333
0.37106667
0.3772
0.38333333
0.38946667
0.3956
0.40173333
0.40786667
0.414
0.42013333
0.42626667
0.4324
0.43853333
0.44466667
0.4508
0.45693333
0.46306667
0.4692
0.47533333
0.48146667
0.4876
0.49373333
0.49986667
0.506
0.51213333
0.51826667
0.5244
0.53053333
0.53666667
0.5428
0.54893333
0.55506667
0.5612
0.56733333
0.57346667
0.5796
0.58573333
0.59186667
0.598
0.60413333
0.61026667
0.6164
0.62253333
0.62866667
0.6348
0.64093333
0.64706667
0.6532
0.65933333
0.66546667
0.6716
0.67773333
0.68386667
0.69
0.69613333
0.70226667
0.7084
0.71453333
0.72066667
0.7268
0.73293333
0.73906667
0.7452
0.75133333
0.75746667
0.7636
0.76973333
0.77586667
0.782
0.78813333
0.79426667
0.8004
0.80653333
0.81266667
0.8188
0.82493333
0.83106667
0.8372
0.84333333
0.84946667
0.8556
0.86173333
0.86786667
0.874
0.88013333
0.88626667
0.8924
0.89853333
0.90466667
0.9108
0.91693333
0.0030666667
0.0092
0.015333333
0.021466667
0.0276
0.033733333
0.039866667
0.046
0.052133333
0.058266667
0.0644
0.070533333
0.076666667
0.0828
0.088933333
0.095066667
0.1012
0.10733333
0.11346667
0.1196
0.12573333
0.13186667
0.138
0.14413333
0.15026667
0.1564
0.16253333
0.16866667
0.1748
0.18093333
0.18706667
0.1932
0.19933333
0.20546667
0.2116
0.21773333
0.22386667
0.23
0.23613333
0.24226667
0.2484
0.25453333
0.26066667
0.2668
0.27293333
0.27906667
0.2852
0.29133333
0.29746667
0.3036
0.30973333
0.31586667
0.322
0.32813333
0.33426667
0.3404
0.34653333
0.35266667
0.3588
0.36493333
0.37106667
0.3772
0.38333333
0.38946667
0.3956
0.40173333
0.40786667
0.414
0.42013333
0.42626667
0.4324
0.43853333
0.44466667
0.4508
0.45693333
0.46306667
0.4692
0.47533333
0.48146667
0.4876
0.49373333
0.49986667
0.506
0.51213333
0.51826667
0.5244
0.53053333
0.53666667
0.5428
0.54893333
0.55506667
0.5612
0.56733333
0.57346667
0.5796
0.58573333
0.59186667
0.598
0.60413333
0.61026667
0.6164
0.62253333
0.62866667
0.6348
0.64093333
0.64706667
0.6532
0.65933333
0.66546667
0.6716
0.67773333
0.68386667
0.69
0.69613333
0.70226667
0.7084
0.71453333
0.72066667
0.7268
0.73293333
0.73906667
0.7452
0.75133333
0.75746667
0.7636
0.76973333
0.77586667
0.782
0.78813333
0.79426667
0.8004
0.80653333
0.81266667
0.8188
0.82493333
0.83106667
0.8372
0.84333333
0.84946667
0.8556
0.86173333
0.86786667
0.874
0.88013333
0.88626667
0.8924
0.89853333
0.90466667
0.9108
0.91693333
0.0030666667
0.0092
0.015333333
0.021466667
0.0276
0.033733333
0.039866667
0.046
0.052133333
0.058266667
0.0644
0.070533333
0.076666667
0.0828
0.088933333
0.095066667
0.1012
0.10733333
0.11346667
0.1196
0.12573333
0.13186667
0.138
0.14413333
0.15026667
0.1564
0.16253333
0.16866667
0.1748
0.18093333
0.18706667
0.1932
0.19933333
0.20546667
0.2116
0.21773333
0.22386667
0.23
0.23613333
0.24226667
0.2484
0.25453333
0.26066667
0.2668
0.27293333
0.27906667
0.2852
0.29133333
0.29746667
0.3036
0.30973333
0.31586667
0.322
0.32813333
0.33426667
0.3404
0.34653333
0.35266667
0.3588
0.36493333
0.37106667
0.3772
0.38333333
0.38946667
0.3956
0.40173333
0.40786667
0.414
0.42013333
0.42626667
0.4324
0.43853333
0.44466667
0.4508
0.45693333
0.46306667
0.4692
0.47533333
0.48146667
0.4876
0.49373333
0.49986667
0.506
0.51213333
0.51826667
0.5244
0.53053333
0.53666667
0.5428
0.54893333
0.55506667
0.5612
0.56733333
0.57346667
0.5796
0.58573333
0.59186667
0.598
0.60413333
0.61026667
0.6164
0.62253333
0.62866667
0.6348
0.64093333
0.64706667
0.6532
0.65933333
0.66546667
0.6716
0.67773333
0.68386667
0.69
0.69613333
0.70226667
0.7084
0.71453333
0.72066667
0.7268
0.73293333
0.73906667
0.7452
0.75133333
0.75746667
0.7636
0.76973333
0.77586667
0.782
0.78813333
0.79426667
0.8004
0.80653333
0.81266667
0.8188
0.82493333
0.83106667
0.8372
0.84333333
0.84946667
0.8556
0.86173333
0.86786667
0.874
0.88013333
0.88626667
0.8924
0.89853333
0.90466667
0.9108
0.91693333
0.0030666667
0.0092
0.015333333
0.021466667
0.0276
0.033733333
0.039866667
0.046
0.052133333
0.058266667
0.0644
0.070533333
0.076666667
0.0828
0.088933333
0.095066667
0.1012
0.10733333
0.11346667
0.1196
0.12573333
0.13186667
0.138
0.14413333
0.15026667
0.1564
0.16253333
0.16866667
0.1748
0.18093333
0.18706667
0.1932
0.19933333
0.20546667
0.2116
0.21773333
0.22386667
0.23
0.23613333
0.24226667
0.2484
0.25453333
0.26066667
0.2668
0.27293333
0.27906667
0.2852
0.29133333
0.29746667
0.3036
0.30973333
0.31586667
0.322
0.32813333
0.33426667
0.3404
0.34653333
0.35266667
0.3588
0.36493333
0.37106667
0.3772
0.38333333
0.38946667
0.3956
0.40173333
0.40786667
0.414
0.42013333
0.42626667
0.4324
0.43853333
0.44466667
0.4508
0.45693333
0.46306667
0.4692
0.47533333
0.48146667
0.4876
0.49373333
0.49986667
0.506
0.51213333
0.51826667
0.5244
0.53053333
0.53666667
0.5428
0.54893333
0.55506667
0.5612
0.56733333
0.57346667
0.5796
0.58573333
0.59186667
0.598
0.60413333
0.61026667
0.6164
0.62253333
0.62866667
0.6348
0.64093333
0.64706667
0.6532
0.65933333
0.66546667
0.6716
0.67773333
0.68386667
0.69
0.69613333
0.70226667
0.7084
0.71453333
0.72066667
0.7268
0.73293333
0.73906667
0.7452
0.75133333
0.75746667
0.7636
0.76973333
0.77586667
0.782
0.78813333
0.79426667
0.8004
0.80653333
0.81266667
0.8188
0.82493333
0.83106667
0.8372
0.84333333
0.84946667
0.8556
0.86173333
0.86786667
0.874
0.88013333
0.88626667
0.8924
0.89853333
0.90466667
0.9108
0.91693333
0.0030666667
0.0092
0.015333333
0.021466667
0.0276
0.033733333
0.039866667
0.046
0.052133333
0.058266667
0.0644
0.070533333
0.076666667
0.0828
0.088933333
0.095066667
0.1012
0.10733333
0.11346667
0.1196
0.12573333
0.13186667
0.138
0.14413333
0.15026667
0.1564
0.16253333
0.16866667
0.1748
0.18093333
0.18706667
0.1932
0.19933333
0.20546667
0.2116
0.21773333
0.22386667
0.23
0.23613333
0.24226667
0.2484
0.25453333
0.26066667
0.2668
0.27293333
0.27906667
0.2852
0.29133333
0.29746667
0.3036
0.30973333
0.31586667
0.322
0.32813333
0.33426667
0.3404
0.34653333
0.35266667
0.3588
0.36493333
0.37106667
0.3772
0.38333333
0.38946667
0.3956
0.40173333
0.40786667
0.414
0.42013333
0.42626667
0.4324
0.43853333
0.44466667
0.4508
0.45693333
0.46306667
0.4692
0.47533333
0.48146667
0.4876
0.49373333
0.49986667
0.506
0.51213333
0.51826667
0.5244
0.53053333
0.53666667
0.5428
0.54893333
0.55506667
0.5612
0.56733333
0.57346667
0.5796
0.58573333
0.59186667
0.598
0.60413333
0.61026667
0.6164
0.62253333
0.62866667
0.6348
0.64093333
0.64706667
0.6532
0.65933333
0.66546667
0.6716
0.67773333
0.68386667
0.69
0.69613333
0.70226667
0.7084
0.71453333
0.72066667
0.7268
0.73293333
0.73906667
0.7452
0.75133333
0.75746667
0.7636
0.76973333
0.77586667
0.782
0.78813333
0.79426667
0.8004
0.80653333
0.81266667
0.8188
0.82493333
0.83106667
0.8372
0.84333333
0.84946667
0.8556
0.86173333
0.86786667
0.874
0.88013333
0.88626667
0.8924
0.89853333
0.90466667
0.9108
0.91693333
0.0030666667
0.0092
0.015333333
0.021466667
0.0276
0.033733333
0.039866667
0.046
0.052133333
0.058266667
0.0644
0.070533333
0.076666667
0.0828
0.088933333
0.095066667
0.1012
0.10733333
0.11346667
0.1196
0.12573333
0.13186667
0.138
0.14413333
0.15026667
0.1564
0.16253333
0.16866667
0.1748
0.18093333
0.18706667
0.1932
0.19933333
0.20546667
0.2116
0.21773333
0.22386667
0.23
0.23613333
0.24226667
0.2484
0.25453333
0.26066667
0.2668
0.27293333
0.27906667
0.2852
0.29133333
0.29746667
0.3036
0.30973333
0.31586667
0.322
0.32813333
0.33426667
0.3404
0.34653333
0.35266667
0.3588
0.36493333
0.37106667
0.3772
0.38333333
0.38946667
0.3956
0.40173333
0.40786667
0.414
0.42013333
0.42626667
0.4324
0.43853333
0.44466667
0.4508
0.45693333
0.46306667
0.4692
0.47533333
0.48146667
0.4876
0.49373333
0.49986667
0.506
0.51213333
0.51826667
0.5244
0.53053333
0.53666667
0.5428
0.54893333
0.55506667
0.5612
0.56733333
0.57346667
0.5796
0.58573333
0.59186667
0.598
0.60413333
0.61026667
0.6164
0.62253333
0.62866667
0.6348
0.64093333
0.64706667
0.6532
0.65933333
0.66546667
0.6716
0.67773333
0.68386667
0.69
0.69613333
0.70226667
0.7084
0.71453333
0.72066667
0.7268
0.73293333
0.73906667
0.7452
0.75133333
0.75746667
0.7636
0.76973333
0.77586667
0.782
0.78813333
0.79426667
0.8004
0.80653333
0.81266667
0.8188
0.82493333
0.83106667
0.8372
0.84333333
0.84946667
0.8556
0.86173333
0.86786667
0.874
0.88013333
0.88626667
0.8924
0.89853333
0.90466667
0.9108
0.91693333
0.0030666667
0.0092
0.015333333
0.021466667
0.0276
0.033733333
0.039866667
0.046
0.052133333
0.058266667
0.0644
0.070533333
0.076666667
0.0828
0.088933333
0.095066667
0.1012
0.10733333
0.11346667
0.1196
0.12573333
0.13186667
0.138
0.14413333
0.15026667
0.1564
0.16253333
0.16866667
0.1748
0.18093333
0.18706667
0.1932
0.19933333
0.20546667
0.2116
0.21773333
0.22386667
0.23
0.23613333
0.24226667
0.2484
0.25453333
0.26066667
0.2668
0.27293333
0.27906667
0.2852
0.29133333
0.29746667
0.3036
0.30973333
0.31586667
0.322
0.32813333
0.33426667
0.3404
0.34653333
0.35266667
0.3588
0.36493333
0.37106667
0.3772
0.38333333
0.38946667
0.3956
0.40173333
0.40786667
0.414
0.42013333
0.42626667
0.4324
0.43853333
0.44466667
0.4508
0.45693333
0.46306667
0.4692
0.47533333
0.48146667
0.4876
0.49373333
0.49986667
0.506
0.51213333
0.51826667
0.5244
0.53053333
0.53666667
0.5428
0.54893333
0.55506667
0.5612
0.56733333
0.57346667
0.5796
0.58573333
0.59186667
0.598
0.60413333
0.61026667
0.6164
0.62253333
0.62866667
0.6348
0.64093333
0.64706667
0.6532
0.65933333
0.66546667
0.6716
0.67773333
0.68386667
0.69
0.69613333
0.70226667
0.7084
0.71453333
0.72066667
0.7268
0.73293333
0.73906667
0.7452
0.75133333
0.75746667
0.7636
0.76973333
0.77586667
0.782
0.78813333
0.79426667
0.8004
0.80653333
0.81266667
0.8188
0.82493333
0.83106667
0.8372
0.84333333
0.84946667
0.8556
0.86173333
0.86786667
0.874
0.88013333
0.88626667
0.8924
0.89853333
0.90466667
0.9108
0.91693333
0.0030666667
0.0092
0.015333333
0.021466667
0.0276
0.033733333
0.039866667
0.046
0.052133333
0.058266667
0.0644
0.070533333
0.076666667
0.0828
0.088933333
0.095066667
0.1012
0.10733333
0.11346667
0.1196
0.12573333
0.13186667
0.138
0.14413333
0.15026667
0.1564
0.16253333
0.16866667
0.1748
0.18093333
0.18706667
0.1932
0.19933333
0.20546667
0.2116
0.21773333
0.22386667
0.23
0.23613333
0.24226667
0.2484
0.25453333
0.26066667
0.2668
0.27293333
0.27906667
0.2852
0.29133333
0.29746667
0.3036
0.30973333
0.31586667
0.322
0.32813333
0.33426667
0.3404
0.34653333
0.35266667
0.3588
0.36493333
0.37106667
0.3772
0.38333333
0.38946667
0.3956
0.40173333
0.40786667
0.414
0.42013333
0.42626667
0.4324
0.43853333
0.44466667
0.4508
0.45693333
0.46306667
0.4692
0.47533333
0.48146667
0.4876
0.49373333
0.49986667
0.506
0.51213333
0.51826667
0.5244
0.53053333
0.53666667
0.5428
0.54893333
0.55506667
0.5612
0.56733333
0.57346667
0.5796
0.58573333
0.59186667
0.598
0.60413333
0.61026667
0.6164
0.62253333
0.62866667
0.6348
0.64093333
0.64706667
0.6532
0.65933333
0.66546667
0.6716
0.67773333
0.68386667
0.69
0.69613333
0.70226667
0.7084
0.71453333
0.72066667
0.7268
0.73293333
0.73906667
0.7452
0.75133333
0.75746667
0.7636
0.76973333
0.77586667
0.782
0.78813333
0.79426667
0.8004
0.80653333
0.81266667
0.8188
0.82493333
0.83106667
0.8372
0.84333333
0.84946667
0.8556
0.86173333
0.86786667
0.874
0.88013333
0.88626667
0.8924
0.89853333
0.90466667
0.9108
0.91693333
0.0030666667
0.0092
0.015333333
0.021466667
0.0276
0.033733333
0.039866667
0.046
0.052133333
0.058266667
0.0644
0.070533333
0.076666667
0.0828
0.088933333
0.095066667
0.1012
0.10733333
0.11346667
0.1196
0.12573333
0.13186667
0.138
0.14413333
0.15026667
0.1564
0.16253333
0.16866667
0.1748
0.18093333
0.18706667
0.1932
0.19933333
0.20546667
0.2116
0.21773333
0.22386667
0.23
0.23613333
0.24226667
0.2484
0.25453333
0.26066667
0.2668
0.27293333
0.27906667
0.2852
0.29133333
0.29746667
0.3036
0.30973333
0.31586667
0.322
0.32813333
0.33426667
0.3404
0.34653333
0.35266667
0.3588
0.36493333
0.37106667
0.3772
0.38333333
0.38946667
0.3956
0.40173333
0.40786667
0.414
0.42013333
0.42626667
0.4324
0.43853333
0.44466667
0.4508
0.45693333
0.46306667
0.4692
0.47533333
0.48146667
0.4876
0.49373333
0.49986667
0.506
0.51213333
0.51826667
0.5244
0.53053333
0.53666667
0.5428
0.54893333
0.55506667
0.5612
0.56733333
0.57346667
0.5796
0.58573333
0.59186667
0.598
0.60413333
0.61026667
0.6164
0.62253333
0.62866667
0.6348
0.64093333
0.64706667
0.6532
0.65933333
0.66546667
0.6716
0.67773333
0.68386667
0.69
0.69613333
0.70226667
0.7084
0.71453333
0.72066667
0.7268
0.73293333
0.73906667
0.7452
0.75133333
0.75746667
0.7636
0.76973333
0.77586667
0.782
0.78813333
0.79426667
0.8004
0.80653333
0.81266667
0.8188
0.82493333
0.83106667
0.8372
0.84333333
0.84946667
0.8556
0.86173333
0.86786667
0.874
0.88013333
0.88626667
0.8924
0.89853333
0.90466667
0.9108
0.91693333
0.0030666667
0.0092
0.015333333
0.021466667
0.0276
0.033733333
0.039866667
0.046
0.052133333
0.058266667
0.0644
0.070533333
0.076666667
0.0828
0.088933333
0.095066667
0.1012
0.10733333
0.11346667
0.1196
0.12573333
0.13186667
0.138
0.14413333
0.15026667
0.1564
0.16253333
0.16866667
0.1748
0.18093333
0.18706667
0.1932
0.19933333
0.20546667
0.2116
0.21773333
0.22386667
0.23
0.23613333
0.24226667
0.2484
0.25453333
0.26066667
0.2668
0.27293333
0.27906667
0.2852
0.29133333
0.29746667
0.3036
0.30973333
0.31586667
0.322
0.32813333
0.33426667
0.3404
0.34653333
0.35266667
0.3588
0.36493333
0.37106667
0.3772
0.38333333
0.38946667
0.3956
0.40173333
0.40786667
0.414
0.42013333
0.42626667
0.4324
0.43853333
0.44466667
0.4508
0.45693333
0.46306667
0.4692
0.47533333
0.48146667
0.4876
0.49373333
0.49986667
0.506
0.51213333
0.51826667
0.5244
0.53053333
0.53666667
0.5428
0.54893333
0.55506667
0.5612
0.56733333
0.57346667
0.5796
0.58573333
0.59186667
0.598
0.60413333
0.61026667
0.6164
0.62253333
0.62866667
0.6348
0.64093333
0.64706667
0.6532
0.65933333
0.66546667
0.6716
0.67773333
0.68386667
0.69
0.69613333
0.70226667
0.7084
0.71453333
0.72066667
0.7268
0.73293333
0.73906667
0.7452
0.75133333
0.75746667
0.7636
0.76973333
0.77586667
0.782
0.78813333
0.79426667
0.8004
0.80653333
0.81266667
0.8188
0.82493333
0.83106667
0.8372
0.84333333
0.84946667
0.8556
0.86173333
0.86786667
0.874
0.88013333
0.88626667
0.8924
0.89853333
0.90466667
0.9108
0.91693333
0.0030666667
0.0092
0.015333333
0.021466667
0.0276
0.033733333
0.039866667
0.046
0.052133333
0.058266667
0.0644
0.070533333
0.076666667
0.0828
0.088933333
0.095066667
0.1012
0.10733333
0.11346667
0.1196
0.12573333
0.13186667
0.138
0.14413333
0.15026667
0.1564
0.16253333
0.16866667
0.1748
0.18093333
0.18706667
0.1932
0.19933333
0.20546667
0.2116
0.21773333
0.22386667
0.23
0.23613333
0.24226667
0.2484
0.25453333
0.26066667
0.2668
0.27293333
0.27906667
0.2852
0.29133333
0.29746667
0.3036
0.30973333
0.31586667
0.322
0.32813333
0.33426667
0.3404
0.34653333
0.35266667
0.3588
0.36493333
0.37106667
0.3772
0.38333333
0.38946667
0.3956
0.40173333
0.40786667
0.414
0.42013333
0.42626667
0.4324
0.43853333
0.44466667
0.4508
0.45693333
0.46306667
0.4692
0.47533333
0.48146667
0.4876
0.49373333
0.49986667
0.506
0.51213333
0.51826667
0.5244
0.53053333
0.53666667
0.5428
0.54893333
0.55506667
0.5612
0.56733333
0.57346667
0.5796
0.58573333
0.59186667
0.598
0.60413333
0.61026667
0.6164
0.62253333
0.62866667
0.6348
0.64093333
0.64706667
0.6532
0.65933333
0.66546667
0.6716
0.67773333
0.68386667
0.69
0.69613333
0.70226667
0.7084
0.71453333
0.72066667
0.7268
0.73293333
0.73906667
0.7452
0.75133333
0.75746667
0.7636
0.76973333
0.77586667
0.782
0.78813333
0.79426667
0.8004
0.80653333
0.81266667
0.8188
0.82493333
0.83106667
0.8372
0.84333333
0.84946667
0.8556
0.86173333
0.86786667
0.874
0.88013333
0.88626667
0.8924
0.89853333
0.90466667
0.9108
0.91693333
0.0030666667
0.0092
0.015333333
0.021466667
0.0276
0.033733333
0.039866667
0.046
0.052133333
0.058266667
0.0644
0.070533333
0.076666667
0.0828
0.088933333
0.095066667
0.1012
0.10733333
0.11346667
0.1196
0.12573333
0.13186667
0.138
0.14413333
0.15026667
0.1564
0.16253333
0.16866667
0.1748
0.18093333
0.18706667
0.1932
0.19933333
0.20546667
0.2116
0.21773333
0.22386667
0.23
0.23613333
0.24226667
0.2484
0.25453333
0.26066667
0.2668
0.27293333
0.27906667
0.2852
0.29133333
0.29746667
0.3036
0.30973333
0.31586667
0.322
0.32813333
0.33426667
0.3404
0.34653333
0.35266667
0.3588
0.36493333
0.37106667
0.3772
0.38333333
0.38946667
0.3956
0.40173333
0.40786667
0.414
0.42013333
0.42626667
0.4324
0.43853333
0.44466667
0.4508
0.45693333
0.46306667
0.4692
0.47533333
0.48146667
0.4876
0.49373333
0.49986667
0.506
0.51213333
0.51826667
0.5244
0.53053333
0.53666667
0.5428
0.54893333
0.55506667
0.5612
0.56733333
0.57346667
0.5796
0.58573333
0.59186667
0.598
0.60413333
0.61026667
0.6164
0.62253333
0.62866667
0.6348
0.64093333
0.64706667
0.6532
0.65933333
0.66546667
0.6716
0.67773333
0.68386667
0.69
0.69613333
0.70226667
0.7084
0.71453333
0.72066667
0.7268
0.73293333
0.73906667
0.7452
0.75133333
0.75746667
0.7636
0.76973333
0.77586667
0.782
0.78813333
0.79426667
0.8004
0.80653333
0.81266667
0.8188
0.82493333
0.83106667
0.8372
0.84333333
0.84946667
0.8556
0.86173333
0.86786667
0.874
0.88013333
0.88626667
0.8924
0.89853333
0.90466667
0.9108
0.91693333
0.0030666667
0.0092
0.015333333
0.021466667
0.0276
0.033733333
0.039866667
0.046
0.052133333
0.058266667
0.0644
0.070533333
0.076666667
0.0828
0.088933333
0.095066667
0.1012
0.10733333
0.11346667
0.1196
0.12573333
0.13186667
0.138
0.14413333
0.15026667
0.1564
0.16253333
0.16866667
0.1748
0.18093333
0.18706667
0.1932
0.19933333
0.20546667
0.2116
0.21773333
0.22386667
0.23
0.23613333
0.24226667
0.2484
0.25453333
0.26066667
0.2668
0.27293333
0.27906667
0.2852
0.29133333
0.29746667
0.3036
0.30973333
0.31586667
0.322
0.32813333
0.33426667
0.3404
0.34653333
0.35266667
0.3588
0.36493333
0.37106667
0.3772
0.38333333
0.38946667
0.3956
0.40173333
0.40786667
0.414
0.42013333
0.42626667
0.4324
0.43853333
0.44466667
0.4508
0.45693333
0.46306667
0.4692
0.47533333
0.48146667
0.4876
0.49373333
0.49986667
0.506
0.51213333
0.51826667
0.5244
0.53053333
0.53666667
0.5428
0.54893333
0.55506667
0.5612
0.56733333
0.57346667
0.5796
0.58573333
0.59186667
0.598
0.60413333
0.61026667
0.6164
0.62253333
0.62866667
0.6348
0.64093333
0.64706667
0.6532
0.65933333
0.66546667
0.6716
0.67773333
0.68386667
0.69
0.69613333
0.70226667
0.7084
0.71453333
0.72066667
0.7268
0.73293333
0.73906667
0.7452
0.75133333
0.75746667
0.7636
0.76973333
0.77586667
0.782
0.78813333
0.79426667
0.8004
0.80653333
0.81266667
0.8188
0.82493333
0.83106667
0.8372
0.84333333
0.84946667
0.8556
0.86173333
0.86786667
0.874
0.88013333
0.88626667
0.8924
0.89853333
0.90466667
0.9108
0.91693333
0.0030666667
0.0092
0.015333333
0.021466667
0.0276
0.033733333
0.039866667
0.046
0.052133333
0.058266667
0.0644
0.070533333
0.076666667
0.0828
0.088933333
0.095066667
0.1012
0.10733333
0.11346667
0.1196
0.12573333
0.13186667
0.138
0.14413333
0.15026667
0.1564
0.16253333
0.16866667
0.1748
0.18093333
0.18706667
0.1932
0.19933333
0.20546667
0.2116
0.21773333
0.22386667
0.23
0.23613333
0.24226667
0.2484
0.25453333
0.26066667
0.2668
0.27293333
0.27906667
0.2852
0.29133333
0.29746667
0.3036
0.30973333
0.31586667
0.322
0.32813333
0.33426667
0.3404
0.34653333
0.35266667
0.3588
0.36493333
0.37106667
0.3772
0.38333333
0.38946667
0.3956
0.40173333
0.40786667
0.414
0.42013333
0.42626667
0.4324
0.43853333
0.44466667
0.4508
0.45693333
0.46306667
0.4692
0.47533333
0.48146667
0.4876
0.49373333
0.49986667
0.506
0.51213333
0.51826667
0.5244
0.53053333
0.53666667
0.5428
0.54893333
0.55506667
0.5612
0.56733333
0.57346667
0.5796
0.58573333
0.59186667
0.598
0.60413333
0.61026667
0.6164
0.62253333
0.62866667
0.6348
0.64093333
0.64706667
0.6532
0.65933333
0.66546667
0.6716
0.67773333
0.68386667
0.69
0.69613333
0.70226667
0.7084
0.71453333
0.72066667
0.7268
0.73293333
0.73906667
0.7452
0.75133333
0.75746667
0.7636
0.76973333
0.77586667
0.782
0.78813333
0.79426667
0.8004
0.80653333
0.81266667
0.8188
0.82493333
0.83106667
0.8372
0.84333333
0.84946667
0.8556
0.86173333
0.86786667
0.874
0.88013333
0.88626667
0.8924
0.89853333
0.90466667
0.9108
0.91693333
0.0030666667
0.0092
0.015333333
0.021466667
0.0276
0.033733333
0.039866667
0.046
0.052133333
0.058266667
0.0644
0.070533333
0.076666667
0.0828
0.088933333
0.095066667
0.1012
0.10733333
0.11346667
0.1196
0.12573333
0.13186667
0.138
0.14413333
0.15026667
0.1564
0.16253333
0.16866667
0.1748
0.18093333
0.18706667
0.1932
0.19933333
0.20546667
0.2116
0.21773333
0.22386667
0.23
0.23613333
0.24226667
0.2484
0.25453333
0.26066667
0.2668
0.27293333
0.27906667
0.2852
0.29133333
0.29746667
0.3036
0.30973333
0.31586667
0.322
0.32813333
0.33426667
0.3404
0.34653333
0.35266667
0.3588
0.36493333
0.37106667
0.3772
0.38333333
0.38946667
0.3956
0.40173333
0.40786667
0.414
0.42013333
0.42626667
0.4324
0.43853333
0.44466667
0.4508
0.45693333
0.46306667
0.4692
0.47533333
0.48146667
0.4876
0.49373333
0.49986667
0.506
0.51213333
0.51826667
0.5244
0.53053333
0.53666667
0.5428
0.54893333
0.55506667
0.5612
0.56733333
0.57346667
0.5796
0.58573333
0.59186667
0.598
0.60413333
0.61026667
0.6164
0.62253333
0.62866667
0.6348
0.64093333
0.64706667
0.6532
0.65933333
0.66546667
0.6716
0.67773333
0.68386667
0.69
0.69613333
0.70226667
0.7084
0.71453333
0.72066667
0.7268
0.73293333
0.73906667
0.7452
0.75133333
0.75746667
0.7636
0.76973333
0.77586667
0.782
0.78813333
0.79426667
0.8004
0.80653333
0.81266667
0.8188
0.82493333
0.83106667
0.8372
0.84333333
0.84946667
0.8556
0.86173333
0.86786667
0.874
0.88013333
0.88626667
0.8924
0.89853333
0.90466667
0.9108
0.91693333
0.0030666667
0.0092
0.015333333
0.021466667
0.0276
0.033733333
0.039866667
0.046
0.052133333
0.058266667
0.0644
0.070533333
0.076666667
0.0828
0.088933333
0.095066667
0.1012
0.10733333
0.11346667
0.1196
0.12573333
0.13186667
0.138
0.14413333
0.15026667
0.1564
0.16253333
0.16866667
0.1748
0.18093333
0.18706667
0.1932
0.19933333
0.20546667
0.2116
0.21773333
0.22386667
0.23
0.23613333
0.24226667
0.2484
0.25453333
0.26066667
0.2668
0.27293333
0.27906667
0.2852
0.29133333
0.29746667
0.3036
0.30973333
0.31586667
0.322
0.32813333
0.33426667
0.3404
0.34653333
0.35266667
0.3588
0.36493333
0.37106667
0.3772
0.38333333
0.38946667
0.3956
0.40173333
0.40786667
0.414
0.42013333
0.42626667
0.4324
0.43853333
0.44466667
0.4508
0.45693333
0.46306667
0.4692
0.47533333
0.48146667
0.4876
0.49373333
0.49986667
0.506
0.51213333
0.51826667
0.5244
0.53053333
0.53666667
0.5428
0.54893333
0.55506667
0.5612
0.56733333
0.57346667
0.5796
0.58573333
0.59186667
0.598
0.60413333
0.61026667
0.6164
0.62253333
0.62866667
0.6348
0.64093333
0.64706667
0.6532
0.65933333
0.66546667
0.6716
0.67773333
0.68386667
0.69
0.69613333
0.70226667
0.7084
0.71453333
0.72066667
0.7268
0.73293333
0.73906667
0.7452
0.75133333
0.75746667
0.7636
0.76973333
0.77586667
0.782
0.78813333
0.79426667
0.8004
0.80653333
0.81266667
0.8188
0.82493333
0.83106667
0.8372
0.84333333
0.84946667
0.8556
0.86173333
0.86786667
0.874
0.88013333
0.88626667
0.8924
0.89853333
0.90466667
0.9108
0.91693333
0.0030666667
0.0092
0.015333333
0.021466667
0.0276
0.033733333
0.039866667
0.046
0.052133333
0.058266667
0.0644
0.070533333
0.076666667
0.0828
0.088933333
0.095066667
0.1012
0.10733333
0.11346667
0.1196
0.12573333
0.13186667
0.138
0.14413333
0.15026667
0.1564
0.16253333
0.16866667
0.1748
0.18093333
0.18706667
0.1932
0.19933333
0.20546667
0.2116
0.21773333
0.22386667
0.23
0.23613333
0.24226667
0.2484
0.25453333
0.26066667
0.2668
0.27293333
0.27906667
0.2852
0.29133333
0.29746667
0.3036
0.30973333
0.31586667
0.322
0.32813333
0.33426667
0.3404
0.34653333
0.35266667
0.3588
0.36493333
0.37106667
0.3772
0.38333333
0.38946667
0.3956
0.40173333
0.40786667
0.414
0.42013333
0.42626667
0.4324
0.43853333
0.44466667
0.4508
0.45693333
0.46306667
0.4692
0.47533333
0.48146667
0.4876
0.49373333
0.49986667
0.506
0.51213333
0.51826667
0.5244
0.53053333
0.53666667
0.5428
0.54893333
0.55506667
0.5612
0.56733333
0.57346667
0.5796
0.58573333
0.59186667
0.598
0.60413333
0.61026667
0.6164
0.62253333
0.62866667
0.6348
0.64093333
0.64706667
0.6532
0.65933333
0.66546667
0.6716
0.67773333
0.68386667
0.69
0.69613333
0.70226667
0.7084
0.71453333
0.72066667
0.7268
0.73293333
0.73906667
0.7452
0.75133333
0.75746667
0.7636
0.76973333
0.77586667
0.782
0.78813333
0.79426667
0.8004
0.80653333
0.81266667
0.8188
0.82493333
0.83106667
0.8372
0.84333333
0.84946667
0.8556
0.86173333
0.86786667
0.874
0.88013333
0.88626667
0.8924
0.89853333
0.90466667
0.9108
0.91693333
0.0030666667
0.0092
0.015333333
0.021466667
0.0276
0.033733333
0.039866667
0.046
0.052133333
0.058266667
0.0644
0.070533333
0.076666667
0.0828
0.088933333
0.095066667
0.1012
0.10733333
0.11346667
0.1196
0.12573333
0.13186667
0.138
0.14413333
0.15026667
0.1564
0.16253333
0.16866667
0.1748
0.18093333
0.18706667
0.1932
0.19933333
0.20546667
0.2116
0.21773333
0.22386667
0.23
0.23613333
0.24226667
0.2484
0.25453333
0.26066667
0.2668
0.27293333
0.27906667
0.2852
0.29133333
0.29746667
0.3036
0.30973333
0.31586667
0.322
0.32813333
0.33426667
0.3404
0.34653333
0.35266667
0.3588
0.36493333
0.37106667
0.3772
0.38333333
0.38946667
0.3956
0.40173333
0.40786667
0.414
0.42013333
0.42626667
0.4324
0.43853333
0.44466667
0.4508
0.45693333
0.46306667
0.4692
0.47533333
0.48146667
0.4876
0.49373333
0.49986667
0.506
0.51213333
0.51826667
0.5244
0.53053333
0.53666667
0.5428
0.54893333
0.55506667
0.5612
0.56733333
0.57346667
0.5796
0.58573333
0.59186667
0.598
0.60413333
0.61026667
0.6164
0.62253333
0.62866667
0.6348
0.64093333
0.64706667
0.6532
0.65933333
0.66546667
0.6716
0.67773333
0.68386667
0.69
0.69613333
0.70226667
0.7084
0.71453333
0.72066667
0.7268
0.73293333
0.73906667
0.7452
0.75133333
0.75746667
0.7636
0.76973333
0.77586667
0.782
0.78813333
0.79426667
0.8004
0.80653333
0.81266667
0.8188
0.82493333
0.83106667
0.8372
0.84333333
0.84946667
0.8556
0.86173333
0.86786667
0.874
0.88013333
0.88626667
0.8924
0.89853333
0.90466667
0.9108
0.91693333
0.0030666667
0.0092
0.015333333
0.021466667
0.0276
0.033733333
0.039866667
0.046
0.052133333
0.058266667
0.0644
0.070533333
0.076666667
0.0828
0.088933333
0.095066667
0.1012
0.10733333
0.11346667
0.1196
0.12573333
0.13186667
0.138
0.14413333
0.15026667
0.1564
0.16253333
0.16866667
0.1748
0.18093333
0.18706667
0.1932
0.19933333
0.20546667
0.2116
0.21773333
0.22386667
0.23
0.23613333
0.24226667
0.2484
0.25453333
0.26066667
0.2668
0.27293333
0.27906667
0.2852
0.29133333
0.29746667
0.3036
0.30973333
0.31586667
0.322
0.32813333
0.33426667
0.3404
0.34653333
0.35266667
0.3588
0.36493333
0.37106667
0.3772
0.38333333
0.38946667
0.3956
0.40173333
0.40786667
0.414
0.42013333
0.42626667
0.4324
0.43853333
0.44466667
0.4508
0.45693333
0.46306667
0.4692
0.47533333
0.48146667
0.4876
0.49373333
0.49986667
0.506
0.51213333
0.51826667
0.5244
0.53053333
0.53666667
0.5428
0.54893333
0.55506667
0.5612
0.56733333
0.57346667
0.5796
0.58573333
0.59186667
0.598
0.60413333
0.61026667
0.6164
0.62253333
0.62866667
0.6348
0.64093333
0.64706667
0.6532
0.65933333
0.66546667
0.6716
0.67773333
0.68386667
0.69
0.69613333
0.70226667
0.7084
0.71453333
0.72066667
0.7268
0.73293333
0.73906667
0.7452
0.75133333
0.75746667
0.7636
0.76973333
0.77586667
0.782
0.78813333
0.79426667
0.8004
0.80653333
0.81266667
0.8188
0.82493333
0.83106667
0.8372
0.84333333
0.84946667
0.8556
0.86173333
0.86786667
0.874
0.88013333
0.88626667
0.8924
0.89853333
0.90466667
0.9108
0.91693333
0.0030666667
0.0092
0.015333333
0.021466667
0.0276
0.033733333
0.039866667
0.046
0.052133333
0.058266667
0.0644
0.070533333
0.076666667
0.0828
0.088933333
0.095066667
0.1012
0.10733333
0.11346667
0.1196
0.12573333
0.13186667
0.138
0.14413333
0.15026667
0.1564
0.16253333
0.16866667
0.1748
0.18093333
0.18706667
0.1932
0.19933333
0.20546667
0.2116
0.21773333
0.22386667
0.23
0.23613333
0.24226667
0.2484
0.25453333
0.26066667
0.2668
0.27293333
0.27906667
0.2852
0.29133333
0.29746667
0.3036
0.30973333
0.31586667
0.322
0.32813333
0.33426667
0.3404
0.34653333
0.35266667
0.3588
0.36493333
0.37106667
0.3772
0.38333333
0.38946667
0.3956
0.40173333
0.40786667
0.414
0.42013333
0.42626667
0.4324
0.43853333
0.44466667
0.4508
0.45693333
0.46306667
0.4692
0.47533333
0.48146667
0.4876
0.49373333
0.49986667
0.506
0.51213333
0.51826667
0.5244
0.53053333
0.53666667
0.5428
0.54893333
0.55506667
0.5612
0.56733333
0.57346667
0.5796
0.58573333
0.59186667
0.598
0.60413333
0.61026667
0.6164
0.62253333
0.62866667
0.6348
0.64093333
0.64706667
0.6532
0.65933333
0.66546667
0.6716
0.67773333
0.68386667
0.69
0.69613333
0.70226667
0.7084
0.71453333
0.72066667
0.7268
0.73293333
0.73906667
0.7452
0.75133333
0.75746667
0.7636
0.76973333
0.77586667
0.782
0.78813333
0.79426667
0.8004
0.80653333
0.81266667
0.8188
0.82493333
0.83106667
0.8372
0.84333333
0.84946667
0.8556
0.86173333
0.86786667
0.874
0.88013333
0.88626667
0.8924
0.89853333
0.90466667
0.9108
0.91693333
0.0030666667
0.0092
0.015333333
0.021466667
0.0276
0.033733333
0.039866667
0.046
0.052133333
0.058266667
0.0644
0.070533333
0.076666667
0.0828
0.088933333
0.095066667
0.1012
0.10733333
0.11346667
0.1196
0.12573333
0.13186667
0.138
0.14413333
0.15026667
0.1564
0.16253333
0.16866667
0.1748
0.18093333
0.18706667
0.1932
0.19933333
0.20546667
0.2116
0.21773333
0.22386667
0.23
0.23613333
0.24226667
0.2484
0.25453333
0.26066667
0.2668
0.27293333
0.27906667
0.2852
0.29133333
0.29746667
0.3036
0.30973333
0.31586667
0.322
0.32813333
0.33426667
0.3404
0.34653333
0.35266667
0.3588
0.36493333
0.37106667
0.3772
0.38333333
0.38946667
0.3956
0.40173333
0.40786667
0.414
0.42013333
0.42626667
0.4324
0.43853333
0.44466667
0.4508
0.45693333
0.46306667
0.4692
0.47533333
0.48146667
0.4876
0.49373333
0.49986667
0.506
0.51213333
0.51826667
0.5244
0.53053333
0.53666667
0.5428
0.54893333
0.55506667
0.5612
0.56733333
0.57346667
0.5796
0.58573333
0.59186667
0.598
0.60413333
0.61026667
0.6164
0.62253333
0.62866667
0.6348
0.64093333
0.64706667
0.6532
0.65933333
0.66546667
0.6716
0.67773333
0.68386667
0.69
0.69613333
0.70226667
0.7084
0.71453333
0.72066667
0.7268
0.73293333
0.73906667
0.7452
0.75133333
0.75746667
0.7636
0.76973333
0.77586667
0.782
0.78813333
0.79426667
0.8004
0.80653333
0.81266667
0.8188
0.82493333
0.83106667
0.8372
0.84333333
0.84946667
0.8556
0.86173333
0.86786667
0.874
0.88013333
0.88626667
0.8924
0.89853333
0.90466667
0.9108
0.91693333
0.0030666667
0.0092
0.015333333
0.021466667
0.0276
0.033733333
0.039866667
0.046
0.052133333
0.058266667
0.0644
0.070533333
0.076666667
0.0828
0.088933333
0.095066667
0.1012
0.10733333
0.11346667
0.1196
0.12573333
0.13186667
0.138
0.14413333
0.15026667
0.1564
0.16253333
0.16866667
0.1748
0.18093333
0.18706667
0.1932
0.19933333
0.20546667
0.2116
0.21773333
0.22386667
0.23
0.23613333
0.24226667
0.2484
0.25453333
0.26066667
0.2668
0.27293333
0.27906667
0.2852
0.29133333
0.29746667
0.3036
0.30973333
0.31586667
0.322
0.32813333
0.33426667
0.3404
0.34653333
0.35266667
0.3588
0.36493333
0.37106667
0.3772
0.38333333
0.38946667
0.3956
0.40173333
0.40786667
0.414
0.42013333
0.42626667
0.4324
0.43853333
0.44466667
0.4508
0.45693333
0.46306667
0.4692
0.47533333
0.48146667
0.4876
0.49373333
0.49986667
0.506
0.51213333
0.51826667
0.5244
0.53053333
0.53666667
0.5428
0.54893333
0.55506667
0.5612
0.56733333
0.57346667
0.5796
0.58573333
0.59186667
0.598
0.60413333
0.61026667
0.6164
0.62253333
0.62866667
0.6348
0.64093333
0.64706667
0.6532
0.65933333
0.66546667
0.6716
0.67773333
0.68386667
0.69
0.69613333
0.70226667
0.7084
0.71453333
0.72066667
0.7268
0.73293333
0.73906667
0.7452
0.75133333
0.75746667
0.7636
0.76973333
0.77586667
0.782
0.78813333
0.79426667
0.8004
0.80653333
0.81266667
0.8188
0.82493333
0.83106667
0.8372
0.84333333
0.84946667
0.8556
0.86173333
0.86786667
0.874
0.88013333
0.88626667
0.8924
0.89853333
0.90466667
0.9108
0.91693333
0.0030666667
0.0092
0.015333333
0.021466667
0.0276
0.033733333
0.039866667
0.046
0.052133333
0.058266667
0.0644
0.070533333
0.076666667
0.0828
0.088933333
0.095066667
0.1012
0.10733333
0.11346667
0.1196
0.12573333
0.13186667
0.138
0.14413333
0.15026667
0.1564
0.16253333
0.16866667
0.1748
0.18093333
0.18706667
0.1932
0.19933333
0.20546667
0.2116
0.21773333
0.22386667
0.23
0.23613333
0.24226667
0.2484
0.25453333
0.26066667
0.2668
0.27293333
0.27906667
0.2852
0.29133333
0.29746667
0.3036
0.30973333
0.31586667
0.322
0.32813333
0.33426667
0.3404
0.34653333
0.35266667
0.3588
0.36493333
0.37106667
0.3772
0.38333333
0.38946667
0.3956
0.40173333
0.40786667
0.414
0.42013333
0.42626667
0.4324
0.43853333
0.44466667
0.4508
0.45693333
0.46306667
0.4692
0.47533333
0.48146667
0.4876
0.49373333
0.49986667
0.506
0.51213333
0.51826667
0.5244
0.53053333
0.53666667
0.5428
0.54893333
0.55506667
0.5612
0.56733333
0.57346667
0.5796
0.58573333
0.59186667
0.598
0.60413333
0.61026667
0.6164
0.62253333
0.62866667
0.6348
0.64093333
0.64706667
0.6532
0.65933333
0.66546667
0.6716
0.67773333
0.68386667
0.69
0.69613333
0.70226667
0.7084
0.71453333
0.72066667
0.7268
0.73293333
0.73906667
0.7452
0.75133333
0.75746667
0.7636
0.76973333
0.77586667
0.782
0.78813333
0.79426667
0.8004
0.80653333
0.81266667
0.8188
0.82493333
0.83106667
0.8372
0.84333333
0.84946667
0.8556
0.86173333
0.86786667
0.874
0.88013333
0.88626667
0.8924
0.89853333
0.90466667
0.9108
0.91693333
0.0030666667
0.0092
0.015333333
0.021466667
0.0276
0.033733333
0.039866667
0.046
0.052133333
0.058266667
0.0644
0.070533333
0.076666667
0.0828
0.088933333
0.095066667
0.1012
0.10733333
0.11346667
0.1196
0.12573333
0.13186667
0.138
0.14413333
0.15026667
0.1564
0.16253333
0.16866667
0.1748
0.18093333
0.18706667
0.1932
0.19933333
0.20546667
0.2116
0.21773333
0.22386667
0.23
0.23613333
0.24226667
0.2484
0.25453333
0.26066667
0.2668
0.27293333
0.27906667
0.2852
0.29133333
0.29746667
0.3036
0.30973333
0.31586667
0.322
0.32813333
0.33426667
0.3404
0.34653333
0.35266667
0.3588
0.36493333
0.37106667
0.3772
0.38333333
0.38946667
0.3956
0.40173333
0.40786667
0.414
0.42013333
0.42626667
0.4324
0.43853333
0.44466667
0.4508
0.45693333
0.46306667
0.4692
0.47533333
0.48146667
0.4876
0.49373333
0.49986667
0.506
0.51213333
0.51826667
0.5244
0.53053333
0.53666667
0.5428
0.54893333
0.55506667
0.5612
0.56733333
0.57346667
0.5796
0.58573333
0.59186667
0.598
0.60413333
0.61026667
0.6164
0.62253333
0.62866667
0.6348
0.64093333
0.64706667
0.6532
0.65933333
0.66546667
0.6716
0.67773333
0.68386667
0.69
0.69613333
0.70226667
0.7084
0.71453333
0.72066667
0.7268
0.73293333
0.73906667
0.7452
0.75133333
0.75746667
0.7636
0.76973333
0.77586667
0.782
0.78813333
0.79426667
0.8004
0.80653333
0.81266667
0.8188
0.82493333
0.83106667
0.8372
0.84333333
0.84946667
0.8556
0.86173333
0.86786667
0.874
0.88013333
0.88626667
0.8924
0.89853333
0.90466667
0.9108
0.91693333
0.0030666667
0.0092
0.015333333
0.021466667
0.0276
0.033733333
0.039866667
0.046
0.052133333
0.058266667
0.0644
0.070533333
0.076666667
0.0828
0.088933333
0.095066667
0.1012
0.10733333
0.11346667
0.1196
0.12573333
0.13186667
0.138
0.14413333
0.15026667
0.1564
0.16253333
0.16866667
0.1748
0.18093333
0.18706667
0.1932
0.19933333
0.20546667
0.2116
0.21773333
0.22386667
0.23
0.23613333
0.24226667
0.2484
0.25453333
0.26066667
0.2668
0.27293333
0.27906667
0.2852
0.29133333
0.29746667
0.3036
0.30973333
0.31586667
0.322
0.32813333
0.33426667
0.3404
0.34653333
0.35266667
0.3588
0.36493333
0.37106667
0.3772
0.38333333
0.38946667
0.3956
0.40173333
0.40786667
0.414
0.42013333
0.42626667
0.4324
0.43853333
0.44466667
0.4508
0.45693333
0.46306667
0.4692
0.47533333
0.48146667
0.4876
0.49373333
0.49986667
0.506
0.51213333
0.51826667
0.5244
0.53053333
0.53666667
0.5428
0.54893333
0.55506667
0.5612
0.56733333
0.57346667
0.5796
0.58573333
0.59186667
0.598
0.60413333
0.61026667
0.6164
0.62253333
0.62866667
0.6348
0.64093333
0.64706667
0.6532
0.65933333
0.66546667
0.6716
0.67773333
0.68386667
0.69
0.69613333
0.70226667
0.7084
0.71453333
0.72066667
0.7268
0.73293333
0.73906667
0.7452
0.75133333
0.75746667
0.7636
0.76973333
0.77586667
0.782
0.78813333
0.79426667
0.8004
0.80653333
0.81266667
0.8188
0.82493333
0.83106667
0.8372
0.84333333
0.84946667
0.8556
0.86173333
0.86786667
0.874
0.88013333
0.88626667
0.8924
0.89853333
0.90466667
0.9108
0.91693333
0.0030666667
0.0092
0.015333333
0.021466667
0.0276
0.033733333
0.039866667
0.046
0.052133333
0.058266667
0.0644
0.070533333
0.076666667
0.0828
0.088933333
0.095066667
0.1012
0.10733333
0.11346667
0.1196
0.12573333
0.13186667
0.138
0.14413333
0.15026667
0.1564
0.16253333
0.16866667
0.1748
0.18093333
0.18706667
0.1932
0.19933333
0.20546667
0.2116
0.21773333
0.22386667
0.23
0.23613333
0.24226667
0.2484
0.25453333
0.26066667
0.2668
0.27293333
0.27906667
0.2852
0.29133333
0.29746667
0.3036
0.30973333
0.31586667
0.322
0.32813333
0.33426667
0.3404
0.34653333
0.35266667
0.3588
0.36493333
0.37106667
0.3772
0.38333333
0.38946667
0.3956
0.40173333
0.40786667
0.414
0.42013333
0.42626667
0.4324
0.43853333
0.44466667
0.4508
0.45693333
0.46306667
0.4692
0.47533333
0.48146667
0.4876
0.49373333
0.49986667
0.506
0.51213333
0.51826667
0.5244
0.53053333
0.53666667
0.5428
0.54893333
0.55506667
0.5612
0.56733333
0.57346667
0.5796
0.58573333
0.59186667
0.598
0.60413333
0.61026667
0.6164
0.62253333
0.62866667
0.6348
0.64093333
0.64706667
0.6532
0.65933333
0.66546667
0.6716
0.67773333
0.68386667
0.69
0.69613333
0.70226667
0.7084
0.71453333
0.72066667
0.7268
0.73293333
0.73906667
0.7452
0.75133333
0.75746667
0.7636
0.76973333
0.77586667
0.782
0.78813333
0.79426667
0.8004
0.80653333
0.81266667
0.8188
0.82493333
0.83106667
0.8372
0.84333333
0.84946667
0.8556
0.86173333
0.86786667
0.874
0.88013333
0.88626667
0.8924
0.89853333
0.90466667
0.9108
0.91693333
0.0030666667
0.0092
0.015333333
0.021466667
0.0276
0.033733333
0.039866667
0.046
0.052133333
0.058266667
0.0644
0.070533333
0.076666667
0.0828
0.088933333
0.095066667
0.1012
0.10733333
0.11346667
0.1196
0.12573333
0.13186667
0.138
0.14413333
0.15026667
0.1564
0.16253333
0.16866667
0.1748
0.18093333
0.18706667
0.1932
0.19933333
0.20546667
0.2116
0.21773333
0.22386667
0.23
0.23613333
0.24226667
0.2484
0.25453333
0.26066667
0.2668
0.27293333
0.27906667
0.2852
0.29133333
0.29746667
0.3036
0.30973333
0.31586667
0.322
0.32813333
0.33426667
0.3404
0.34653333
0.35266667
0.3588
0.36493333
0.37106667
0.3772
0.38333333
0.38946667
0.3956
0.40173333
0.40786667
0.414
0.42013333
0.42626667
0.4324
0.43853333
0.44466667
0.4508
0.45693333
0.46306667
0.4692
0.47533333
0.48146667
0.4876
0.49373333
0.49986667
0.506
0.51213333
0.51826667
0.5244
0.53053333
0.53666667
0.5428
0.54893333
0.55506667
0.5612
0.56733333
0.57346667
0.5796
0.58573333
0.59186667
0.598
0.60413333
0.61026667
0.6164
0.62253333
0.62866667
0.6348
0.64093333
0.64706667
0.6532
0.65933333
0.66546667
0.6716
0.67773333
0.68386667
0.69
0.69613333
0.70226667
0.7084
0.71453333
0.72066667
0.7268
0.73293333
0.73906667
0.7452
0.75133333
0.75746667
0.7636
0.76973333
0.77586667
0.782
0.78813333
0.79426667
0.8004
0.80653333
0.81266667
0.8188
0.82493333
0.83106667
0.8372
0.84333333
0.84946667
0.8556
0.86173333
0.86786667
0.874
0.88013333
0.88626667
0.8924
0.89853333
0.90466667
0.9108
0.91693333
0.0030666667
0.0092
0.015333333
0.021466667
0.0276
0.033733333
0.039866667
0.046
0.052133333
0.058266667
0.0644
0.070533333
0.076666667
0.0828
0.088933333
0.095066667
0.1012
0.10733333
0.11346667
0.1196
0.12573333
0.13186667
0.138
0.14413333
0.15026667
0.1564
0.16253333
0.16866667
0.1748
0.18093333
0.18706667
0.1932
0.19933333
0.20546667
0.2116
0.21773333
0.22386667
0.23
0.23613333
0.24226667
0.2484
0.25453333
0.26066667
0.2668
0.27293333
0.27906667
0.2852
0.29133333
0.29746667
0.3036
0.30973333
0.31586667
0.322
0.32813333
0.33426667
0.3404
0.34653333
0.35266667
0.3588
0.36493333
0.37106667
0.3772
0.38333333
0.38946667
0.3956
0.40173333
0.40786667
0.414
0.42013333
0.42626667
0.4324
0.43853333
0.44466667
0.4508
0.45693333
0.46306667
0.4692
0.47533333
0.48146667
0.4876
0.49373333
0.49986667
0.506
0.51213333
0.51826667
0.5244
0.53053333
0.53666667
0.5428
0.54893333
0.55506667
0.5612
0.56733333
0.57346667
0.5796
0.58573333
0.59186667
0.598
0.60413333
0.61026667
0.6164
0.62253333
0.62866667
0.6348
0.64093333
0.64706667
0.6532
0.65933333
0.66546667
0.6716
0.67773333
0.68386667
0.69
0.69613333
0.70226667
0.7084
0.71453333
0.72066667
0.7268
0.73293333
0.73906667
0.7452
0.75133333
0.75746667
0.7636
0.76973333
0.77586667
0.782
0.78813333
0.79426667
0.8004
0.80653333
0.81266667
0.8188
0.82493333
0.83106667
0.8372
0.84333333
0.84946667
0.8556
0.86173333
0.86786667
0.874
0.88013333
0.88626667
0.8924
0.89853333
0.90466667
0.9108
0.91693333
0.0030666667
0.0092
0.015333333
0.021466667
0.0276
0.033733333
0.039866667
0.046
0.052133333
0.058266667
0.0644
0.070533333
0.076666667
0.0828
0.088933333
0.095066667
0.1012
0.10733333
0.11346667
0.1196
0.12573333
0.13186667
0.138
0.14413333
0.15026667
0.1564
0.16253333
0.16866667
0.1748
0.18093333
0.18706667
0.1932
0.19933333
0.20546667
0.2116
0.21773333
0.22386667
0.23
0.23613333
0.24226667
0.2484
0.25453333
0.26066667
0.2668
0.27293333
0.27906667
0.2852
0.29133333
0.29746667
0.3036
0.30973333
0.31586667
0.322
0.32813333
0.33426667
0.3404
0.34653333
0.35266667
0.3588
0.36493333
0.37106667
0.3772
0.38333333
0.38946667
0.3956
0.40173333
0.40786667
0.414
0.42013333
0.42626667
0.4324
0.43853333
0.44466667
0.4508
0.45693333
0.46306667
0.4692
0.47533333
0.48146667
0.4876
0.49373333
0.49986667
0.506
0.51213333
0.51826667
0.5244
0.53053333
0.53666667
0.5428
0.54893333
0.55506667
0.5612
0.56733333
0.57346667
0.5796
0.58573333
0.59186667
0.598
0.60413333
0.61026667
0.6164
0.62253333
0.62866667
0.6348
0.64093333
0.64706667
0.6532
0.65933333
0.66546667
0.6716
0.67773333
0.68386667
0.69
0.69613333
0.70226667
0.7084
0.71453333
0.72066667
0.7268
0.73293333
0.73906667
0.7452
0.75133333
0.75746667
0.7636
0.76973333
0.77586667
0.782
0.78813333
0.79426667
0.8004
0.80653333
0.81266667
0.8188
0.82493333
0.83106667
0.8372
0.84333333
0.84946667
0.8556
0.86173333
0.86786667
0.874
0.88013333
0.88626667
0.8924
0.89853333
0.90466667
0.9108
0.91693333
0.0030666667
0.0092
0.015333333
0.021466667
0.0276
0.033733333
0.039866667
0.046
0.052133333
0.058266667
0.0644
0.070533333
0.076666667
0.0828
0.088933333
0.095066667
0.1012
0.10733333
0.11346667
0.1196
0.12573333
0.13186667
0.138
0.14413333
0.15026667
0.1564
0.16253333
0.16866667
0.1748
0.18093333
0.18706667
0.1932
0.19933333
0.20546667
0.2116
0.21773333
0.22386667
0.23
0.23613333
0.24226667
0.2484
0.25453333
0.26066667
0.2668
0.27293333
0.27906667
0.2852
0.29133333
0.29746667
0.3036
0.30973333
0.31586667
0.322
0.32813333
0.33426667
0.3404
0.34653333
0.35266667
0.3588
0.36493333
0.37106667
0.3772
0.38333333
0.38946667
0.3956
0.40173333
0.40786667
0.414
0.42013333
0.42626667
0.4324
0.43853333
0.44466667
0.4508
0.45693333
0.46306667
0.4692
0.47533333
0.48146667
0.4876
0.49373333
0.49986667
0.506
0.51213333
0.51826667
0.5244
0.53053333
0.53666667
0.5428
0.54893333
0.55506667
0.5612
0.56733333
0.57346667
0.5796
0.58573333
0.59186667
0.598
0.60413333
0.61026667
0.6164
0.62253333
0.62866667
0.6348
0.64093333
0.64706667
0.6532
0.65933333
0.66546667
0.6716
0.67773333
0.68386667
0.69
0.69613333
0.70226667
0.7084
0.71453333
0.72066667
0.7268
0.73293333
0.73906667
0.7452
0.75133333
0.75746667
0.7636
0.76973333
0.77586667
0.782
0.78813333
0.79426667
0.8004
0.80653333
0.81266667
0.8188
0.82493333
0.83106667
0.8372
0.84333333
0.84946667
0.8556
0.86173333
0.86786667
0.874
0.88013333
0.88626667
0.8924
0.89853333
0.90466667
0.9108
0.91693333
0.0030666667
0.0092
0.015333333
0.021466667
0.0276
0.033733333
0.039866667
0.046
0.052133333
0.058266667
0.0644
0.070533333
0.076666667
0.0828
0.088933333
0.095066667
0.1012
0.10733333
0.11346667
0.1196
0.12573333
0.13186667
0.138
0.14413333
0.15026667
0.1564
0.16253333
0.16866667
0.1748
0.18093333
0.18706667
0.1932
0.19933333
0.20546667
0.2116
0.21773333
0.22386667
0.23
0.23613333
0.24226667
0.2484
0.25453333
0.26066667
0.2668
0.27293333
0.27906667
0.2852
0.29133333
0.29746667
0.3036
0.30973333
0.31586667
0.322
0.32813333
0.33426667
0.3404
0.34653333
0.35266667
0.3588
0.36493333
0.37106667
0.3772
0.38333333
0.38946667
0.3956
0.40173333
0.40786667
0.414
0.42013333
0.42626667
0.4324
0.43853333
0.44466667
0.4508
0.45693333
0.46306667
0.4692
0.47533333
0.48146667
0.4876
0.49373333
0.49986667
0.506
0.51213333
0.51826667
0.5244
0.53053333
0.53666667
0.5428
0.54893333
0.55506667
0.5612
0.56733333
0.57346667
0.5796
0.58573333
0.59186667
0.598
0.60413333
0.61026667
0.6164
0.62253333
0.62866667
0.6348
0.64093333
0.64706667
0.6532
0.65933333
0.66546667
0.6716
0.67773333
0.68386667
0.69
0.69613333
0.70226667
0.7084
0.71453333
0.72066667
0.7268
0.73293333
0.73906667
0.7452
0.75133333
0.75746667
0.7636
0.76973333
0.77586667
0.782
0.78813333
0.79426667
0.8004
0.80653333
0.81266667
0.8188
0.82493333
0.83106667
0.8372
0.84333333
0.84946667
0.8556
0.86173333
0.86786667
0.874
0.88013333
0.88626667
0.8924
0.89853333
0.90466667
0.9108
0.91693333
0.0030666667
0.0092
0.015333333
0.021466667
0.0276
0.033733333
0.039866667
0.046
0.052133333
0.058266667
0.0644
0.070533333
0.076666667
0.0828
0.088933333
0.095066667
0.1012
0.10733333
0.11346667
0.1196
0.12573333
0.13186667
0.138
0.14413333
0.15026667
0.1564
0.16253333
0.16866667
0.1748
0.18093333
0.18706667
0.1932
0.19933333
0.20546667
0.2116
0.21773333
0.22386667
0.23
0.23613333
0.24226667
0.2484
0.25453333
0.26066667
0.2668
0.27293333
0.27906667
0.2852
0.29133333
0.29746667
0.3036
0.30973333
0.31586667
0.322
0.32813333
0.33426667
0.3404
0.34653333
0.35266667
0.3588
0.36493333
0.37106667
0.3772
0.38333333
0.38946667
0.3956
0.40173333
0.40786667
0.414
0.42013333
0.42626667
0.4324
0.43853333
0.44466667
0.4508
0.45693333
0.46306667
0.4692
0.47533333
0.48146667
0.4876
0.49373333
0.49986667
0.506
0.51213333
0.51826667
0.5244
0.53053333
0.53666667
0.5428
0.54893333
0.55506667
0.5612
0.56733333
0.57346667
0.5796
0.58573333
0.59186667
0.598
0.60413333
0.61026667
0.6164
0.62253333
0.62866667
0.6348
0.64093333
0.64706667
0.6532
0.65933333
0.66546667
0.6716
0.67773333
0.68386667
0.69
0.69613333
0.70226667
0.7084
0.71453333
0.72066667
0.7268
0.73293333
0.73906667
0.7452
0.75133333
0.75746667
0.7636
0.76973333
0.77586667
0.782
0.78813333
0.79426667
0.8004
0.80653333
0.81266667
0.8188
0.82493333
0.83106667
0.8372
0.84333333
0.84946667
0.8556
0.86173333
0.86786667
0.874
0.88013333
0.88626667
0.8924
0.89853333
0.90466667
0.9108
0.91693333
0.0030666667
0.0092
0.015333333
0.021466667
0.0276
0.033733333
0.039866667
0.046
0.052133333
0.058266667
0.0644
0.070533333
0.076666667
0.0828
0.088933333
0.095066667
0.1012
0.10733333
0.11346667
0.1196
0.12573333
0.13186667
0.138
0.14413333
0.15026667
0.1564
0.16253333
0.16866667
0.1748
0.18093333
0.18706667
0.1932
0.19933333
0.20546667
0.2116
0.21773333
0.22386667
0.23
0.23613333
0.24226667
0.2484
0.25453333
0.26066667
0.2668
0.27293333
0.27906667
0.2852
0.29133333
0.29746667
0.3036
0.30973333
0.31586667
0.322
0.32813333
0.33426667
0.3404
0.34653333
0.35266667
0.3588
0.36493333
0.37106667
0.3772
0.38333333
0.38946667
0.3956
0.40173333
0.40786667
0.414
0.42013333
0.42626667
0.4324
0.43853333
0.44466667
0.4508
0.45693333
0.46306667
0.4692
0.47533333
0.48146667
0.4876
0.49373333
0.49986667
0.506
0.51213333
0.51826667
0.5244
0.53053333
0.53666667
0.5428
0.54893333
0.55506667
0.5612
0.56733333
0.57346667
0.5796
0.58573333
0.59186667
0.598
0.60413333
0.61026667
0.6164
0.62253333
0.62866667
0.6348
0.64093333
0.64706667
0.6532
0.65933333
0.66546667
0.6716
0.67773333
0.68386667
0.69
0.69613333
0.70226667
0.7084
0.71453333
0.72066667
0.7268
0.73293333
0.73906667
0.7452
0.75133333
0.75746667
0.7636
0.76973333
0.77586667
0.782
0.78813333
0.79426667
0.8004
0.80653333
0.81266667
0.8188
0.82493333
0.83106667
0.8372
0.84333333
0.84946667
0.8556
0.86173333
0.86786667
0.874
0.88013333
0.88626667
0.8924
0.89853333
0.90466667
0.9108
0.91693333
0.0030666667
0.0092
0.015333333
0.021466667
0.0276
0.033733333
0.039866667
0.046
0.052133333
0.058266667
0.0644
0.070533333
0.076666667
0.0828
0.088933333
0.095066667
0.1012
0.10733333
0.11346667
0.1196
0.12573333
0.13186667
0.138
0.14413333
0.15026667
0.1564
0.16253333
0.16866667
0.1748
0.18093333
0.18706667
0.1932
0.19933333
0.20546667
0.2116
0.21773333
0.22386667
0.23
0.23613333
0.24226667
0.2484
0.25453333
0.26066667
0.2668
0.27293333
0.27906667
0.2852
0.29133333
0.29746667
0.3036
0.30973333
0.31586667
0.322
0.32813333
0.33426667
0.3404
0.34653333
0.35266667
0.3588
0.36493333
0.37106667
0.3772
0.38333333
0.38946667
0.3956
0.40173333
0.40786667
0.414
0.42013333
0.42626667
0.4324
0.43853333
0.44466667
0.4508
0.45693333
0.46306667
0.4692
0.47533333
0.48146667
0.4876
0.49373333
0.49986667
0.506
0.51213333
0.51826667
0.5244
0.53053333
0.53666667
0.5428
0.54893333
0.55506667
0.5612
0.56733333
0.57346667
0.5796
0.58573333
0.59186667
0.598
0.60413333
0.61026667
0.6164
0.62253333
0.62866667
0.6348
0.64093333
0.64706667
0.6532
0.65933333
0.66546667
0.6716
0.67773333
0.68386667
0.69
0.69613333
0.70226667
0.7084
0.71453333
0.72066667
0.7268
0.73293333
0.73906667
0.7452
0.75133333
0.75746667
0.7636
0.76973333
0.77586667
0.782
0.78813333
0.79426667
0.8004
0.80653333
0.81266667
0.8188
0.82493333
0.83106667
0.8372
0.84333333
0.84946667
0.8556
0.86173333
0.86786667
0.874
0.88013333
0.88626667
0.8924
0.89853333
0.90466667
0.9108
0.91693333
0.0030666667
0.0092
0.015333333
0.021466667
0.0276
0.033733333
0.039866667
0.046
0.052133333
0.058266667
0.0644
0.070533333
0.076666667
0.0828
0.088933333
0.095066667
0.1012
0.10733333
0.11346667
0.1196
0.12573333
0.13186667
0.138
0.14413333
0.15026667
0.1564
0.16253333
0.16866667
0.1748
0.18093333
0.18706667
0.1932
0.19933333
0.20546667
0.2116
0.21773333
0.22386667
0.23
0.23613333
0.24226667
0.2484
0.25453333
0.26066667
0.2668
0.27293333
0.27906667
0.2852
0.29133333
0.29746667
0.3036
0.30973333
0.31586667
0.322
0.32813333
0.33426667
0.3404
0.34653333
0.35266667
0.3588
0.36493333
0.37106667
0.3772
0.38333333
0.38946667
0.3956
0.40173333
0.40786667
0.414
0.42013333
0.42626667
0.4324
0.43853333
0.44466667
0.4508
0.45693333
0.46306667
0.4692
0.47533333
0.48146667
0.4876
0.49373333
0.49986667
0.506
0.51213333
0.51826667
0.5244
0.53053333
0.53666667
0.5428
0.54893333
0.55506667
0.5612
0.56733333
0.57346667
0.5796
0.58573333
0.59186667
0.598
0.60413333
0.61026667
0.6164
0.62253333
0.62866667
0.6348
0.64093333
0.64706667
0.6532
0.65933333
0.66546667
0.6716
0.67773333
0.68386667
0.69
0.69613333
0.70226667
0.7084
0.71453333
0.72066667
0.7268
0.73293333
0.73906667
0.7452
0.75133333
0.75746667
0.7636
0.76973333
0.77586667
0.782
0.78813333
0.79426667
0.8004
0.80653333
0.81266667
0.8188
0.82493333
0.83106667
0.8372
0.84333333
0.84946667
0.8556
0.86173333
0.86786667
0.874
0.88013333
0.88626667
0.8924
0.89853333
0.90466667
0.9108
0.91693333
0.0030666667
0.0092
0.015333333
0.021466667
0.0276
0.033733333
0.039866667
0.046
0.052133333
0.058266667
0.0644
0.070533333
0.076666667
0.0828
0.088933333
0.095066667
0.1012
0.10733333
0.11346667
0.1196
0.12573333
0.13186667
0.138
0.14413333
0.15026667
0.1564
0.16253333
0.16866667
0.1748
0.18093333
0.18706667
0.1932
0.19933333
0.20546667
0.2116
0.21773333
0.22386667
0.23
0.23613333
0.24226667
0.2484
0.25453333
0.26066667
0.2668
0.27293333
0.27906667
0.2852
0.29133333
0.29746667
0.3036
0.30973333
0.31586667
0.322
0.32813333
0.33426667
0.3404
0.34653333
0.35266667
0.3588
0.36493333
0.37106667
0.3772
0.38333333
0.38946667
0.3956
0.40173333
0.40786667
0.414
0.42013333
0.42626667
0.4324
0.43853333
0.44466667
0.4508
0.45693333
0.46306667
0.4692
0.47533333
0.48146667
0.4876
0.49373333
0.49986667
0.506
0.51213333
0.51826667
0.5244
0.53053333
0.53666667
0.5428
0.54893333
0.55506667
0.5612
0.56733333
0.57346667
0.5796
0.58573333
0.59186667
0.598
0.60413333
0.61026667
0.6164
0.62253333
0.62866667
0.6348
0.64093333
0.64706667
0.6532
0.65933333
0.66546667
0.6716
0.67773333
0.68386667
0.69
0.69613333
0.70226667
0.7084
0.71453333
0.72066667
0.7268
0.73293333
0.73906667
0.7452
0.75133333
0.75746667
0.7636
0.76973333
0.77586667
0.782
0.78813333
0.79426667
0.8004
0.80653333
0.81266667
0.8188
0.82493333
0.83106667
0.8372
0.84333333
0.84946667
0.8556
0.86173333
0.86786667
0.874
0.88013333
0.88626667
0.8924
0.89853333
0.90466667
0.9108
0.91693333
0.0030666667
0.0092
0.015333333
0.021466667
0.0276
0.033733333
0.039866667
0.046
0.052133333
0.058266667
0.0644
0.070533333
0.076666667
0.0828
0.088933333
0.095066667
0.1012
0.10733333
0.11346667
0.1196
0.12573333
0.13186667
0.138
0.14413333
0.15026667
0.1564
0.16253333
0.16866667
0.1748
0.18093333
0.18706667
0.1932
0.19933333
0.20546667
0.2116
0.21773333
0.22386667
0.23
0.23613333
0.24226667
0.2484
0.25453333
0.26066667
0.2668
0.27293333
0.27906667
0.2852
0.29133333
0.29746667
0.3036
0.30973333
0.31586667
0.322
0.32813333
0.33426667
0.3404
0.34653333
0.35266667
0.3588
0.36493333
0.37106667
0.3772
0.38333333
0.38946667
0.3956
0.40173333
0.40786667
0.414
0.42013333
0.42626667
0.4324
0.43853333
0.44466667
0.4508
0.45693333
0.46306667
0.4692
0.47533333
0.48146667
0.4876
0.49373333
0.49986667
0.506
0.51213333
0.51826667
0.5244
0.53053333
0.53666667
0.5428
0.54893333
0.55506667
0.5612
0.56733333
0.57346667
0.5796
0.58573333
0.59186667
0.598
0.60413333
0.61026667
0.6164
0.62253333
0.62866667
0.6348
0.64093333
0.64706667
0.6532
0.65933333
0.66546667
0.6716
0.67773333
0.68386667
0.69
0.69613333
0.70226667
0.7084
0.71453333
0.72066667
0.7268
0.73293333
0.73906667
0.7452
0.75133333
0.75746667
0.7636
0.76973333
0.77586667
0.782
0.78813333
0.79426667
0.8004
0.80653333
0.81266667
0.8188
0.82493333
0.83106667
0.8372
0.84333333
0.84946667
0.8556
0.86173333
0.86786667
0.874
0.88013333
0.88626667
0.8924
0.89853333
0.90466667
0.9108
0.91693333
0.0030666667
0.0092
0.015333333
0.021466667
0.0276
0.033733333
0.039866667
0.046
0.052133333
0.058266667
0.0644
0.070533333
0.076666667
0.0828
0.088933333
0.095066667
0.1012
0.10733333
0.11346667
0.1196
0.12573333
0.13186667
0.138
0.14413333
0.15026667
0.1564
0.16253333
0.16866667
0.1748
0.18093333
0.18706667
0.1932
0.19933333
0.20546667
0.2116
0.21773333
0.22386667
0.23
0.23613333
0.24226667
0.2484
0.25453333
0.26066667
0.2668
0.27293333
0.27906667
0.2852
0.29133333
0.29746667
0.3036
0.30973333
0.31586667
0.322
0.32813333
0.33426667
0.3404
0.34653333
0.35266667
0.3588
0.36493333
0.37106667
0.3772
0.38333333
0.38946667
0.3956
0.40173333
0.40786667
0.414
0.42013333
0.42626667
0.4324
0.43853333
0.44466667
0.4508
0.45693333
0.46306667
0.4692
0.47533333
0.48146667
0.4876
0.49373333
0.49986667
0.506
0.51213333
0.51826667
0.5244
0.53053333
0.53666667
0.5428
0.54893333
0.55506667
0.5612
0.56733333
0.57346667
0.5796
0.58573333
0.59186667
0.598
0.60413333
0.61026667
0.6164
0.62253333
0.62866667
0.6348
0.64093333
0.64706667
0.6532
0.65933333
0.66546667
0.6716
0.67773333
0.68386667
0.69
0.69613333
0.70226667
0.7084
0.71453333
0.72066667
0.7268
0.73293333
0.73906667
0.7452
0.75133333
0.75746667
0.7636
0.76973333
0.77586667
0.782
0.78813333
0.79426667
0.8004
0.80653333
0.81266667
0.8188
0.82493333
0.83106667
0.8372
0.84333333
0.84946667
0.8556
0.86173333
0.86786667
0.874
0.88013333
0.88626667
0.8924
0.89853333
0.90466667
0.9108
0.91693333
0.0030666667
0.0092
0.015333333
0.021466667
0.0276
0.033733333
0.039866667
0.046
0.052133333
0.058266667
0.0644
0.070533333
0.076666667
0.0828
0.088933333
0.095066667
0.1012
0.10733333
0.11346667
0.1196
0.12573333
0.13186667
0.138
0.14413333
0.15026667
0.1564
0.16253333
0.16866667
0.1748
0.18093333
0.18706667
0.1932
0.19933333
0.20546667
0.2116
0.21773333
0.22386667
0.23
0.23613333
0.24226667
0.2484
0.25453333
0.26066667
0.2668
0.27293333
0.27906667
0.2852
0.29133333
0.29746667
0.3036
0.30973333
0.31586667
0.322
0.32813333
0.33426667
0.3404
0.34653333
0.35266667
0.3588
0.36493333
0.37106667
0.3772
0.38333333
0.38946667
0.3956
0.40173333
0.40786667
0.414
0.42013333
0.42626667
0.4324
0.43853333
0.44466667
0.4508
0.45693333
0.46306667
0.4692
0.47533333
0.48146667
0.4876
0.49373333
0.49986667
0.506
0.51213333
0.51826667
0.5244
0.53053333
0.53666667
0.5428
0.54893333
0.55506667
0.5612
0.56733333
0.57346667
0.5796
0.58573333
0.59186667
0.598
0.60413333
0.61026667
0.6164
0.62253333
0.62866667
0.6348
0.64093333
0.64706667
0.6532
0.65933333
0.66546667
0.6716
0.67773333
0.68386667
0.69
0.69613333
0.70226667
0.7084
0.71453333
0.72066667
0.7268
0.73293333
0.73906667
0.7452
0.75133333
0.75746667
0.7636
0.76973333
0.77586667
0.782
0.78813333
0.79426667
0.8004
0.80653333
0.81266667
0.8188
0.82493333
0.83106667
0.8372
0.84333333
0.84946667
0.8556
0.86173333
0.86786667
0.874
0.88013333
0.88626667
0.8924
0.89853333
0.90466667
0.9108
0.91693333
0.0030666667
0.0092
0.015333333
0.021466667
0.0276
0.033733333
0.039866667
0.046
0.052133333
0.058266667
0.0644
0.070533333
0.076666667
0.0828
0.088933333
0.095066667
0.1012
0.10733333
0.11346667
0.1196
0.12573333
0.13186667
0.138
0.14413333
0.15026667
0.1564
0.16253333
0.16866667
0.1748
0.18093333
0.18706667
0.1932
0.19933333
0.20546667
0.2116
0.21773333
0.22386667
0.23
0.23613333
0.24226667
0.2484
0.25453333
0.26066667
0.2668
0.27293333
0.27906667
0.2852
0.29133333
0.29746667
0.3036
0.30973333
0.31586667
0.322
0.32813333
0.33426667
0.3404
0.34653333
0.35266667
0.3588
0.36493333
0.37106667
0.3772
0.38333333
0.38946667
0.3956
0.40173333
0.40786667
0.414
0.42013333
0.42626667
0.4324
0.43853333
0.44466667
0.4508
0.45693333
0.46306667
0.4692
0.47533333
0.48146667
0.4876
0.49373333
0.49986667
0.506
0.51213333
0.51826667
0.5244
0.53053333
0.53666667
0.5428
0.54893333
0.55506667
0.5612
0.56733333
0.57346667
0.5796
0.58573333
0.59186667
0.598
0.60413333
0.61026667
0.6164
0.62253333
0.62866667
0.6348
0.64093333
0.64706667
0.6532
0.65933333
0.66546667
0.6716
0.67773333
0.68386667
0.69
0.69613333
0.70226667
0.7084
0.71453333
0.72066667
0.7268
0.73293333
0.73906667
0.7452
0.75133333
0.75746667
0.7636
0.76973333
0.77586667
0.782
0.78813333
0.79426667
0.8004
0.80653333
0.81266667
0.8188
0.82493333
0.83106667
0.8372
0.84333333
0.84946667
0.8556
0.86173333
0.86786667
0.874
0.88013333
0.88626667
0.8924
0.89853333
0.90466667
0.9108
0.91693333
0.0030666667
0.0092
0.015333333
0.021466667
0.0276
0.033733333
0.039866667
0.046
0.052133333
0.058266667
0.0644
0.070533333
0.076666667
0.0828
0.088933333
0.095066667
0.1012
0.10733333
0.11346667
0.1196
0.12573333
0.13186667
0.138
0.14413333
0.15026667
0.1564
0.16253333
0.16866667
0.1748
0.18093333
0.18706667
0.1932
0.19933333
0.20546667
0.2116
0.21773333
0.22386667
0.23
0.23613333
0.24226667
0.2484
0.25453333
0.26066667
0.2668
0.27293333
0.27906667
0.2852
0.29133333
0.29746667
0.3036
0.30973333
0.31586667
0.322
0.32813333
0.33426667
0.3404
0.34653333
0.35266667
0.3588
0.36493333
0.37106667
0.3772
0.38333333
0.38946667
0.3956
0.40173333
0.40786667
0.414
0.42013333
0.42626667
0.4324
0.43853333
0.44466667
0.4508
0.45693333
0.46306667
0.4692
0.47533333
0.48146667
0.4876
0.49373333
0.49986667
0.506
0.51213333
0.51826667
0.5244
0.53053333
0.53666667
0.5428
0.54893333
0.55506667
0.5612
0.56733333
0.57346667
0.5796
0.58573333
0.59186667
0.598
0.60413333
0.61026667
0.6164
0.62253333
0.62866667
0.6348
0.64093333
0.64706667
0.6532
0.65933333
0.66546667
0.6716
0.67773333
0.68386667
0.69
0.69613333
0.70226667
0.7084
0.71453333
0.72066667
0.7268
0.73293333
0.73906667
0.7452
0.75133333
0.75746667
0.7636
0.76973333
0.77586667
0.782
0.78813333
0.79426667
0.8004
0.80653333
0.81266667
0.8188
0.82493333
0.83106667
0.8372
0.84333333
0.84946667
0.8556
0.86173333
0.86786667
0.874
0.88013333
0.88626667
0.8924
0.89853333
0.90466667
0.9108
0.91693333
0.0030666667
0.0092
0.015333333
0.021466667
0.0276
0.033733333
0.039866667
0.046
0.052133333
0.058266667
0.0644
0.070533333
0.076666667
0.0828
0.088933333
0.095066667
0.1012
0.10733333
0.11346667
0.1196
0.12573333
0.13186667
0.138
0.14413333
0.15026667
0.1564
0.16253333
0.16866667
0.1748
0.18093333
0.18706667
0.1932
0.19933333
0.20546667
0.2116
0.21773333
0.22386667
0.23
0.23613333
0.24226667
0.2484
0.25453333
0.26066667
0.2668
0.27293333
0.27906667
0.2852
0.29133333
0.29746667
0.3036
0.30973333
0.31586667
0.322
0.32813333
0.33426667
0.3404
0.34653333
0.35266667
0.3588
0.36493333
0.37106667
0.3772
0.38333333
0.38946667
0.3956
0.40173333
0.40786667
0.414
0.42013333
0.42626667
0.4324
0.43853333
0.44466667
0.4508
0.45693333
0.46306667
0.4692
0.47533333
0.48146667
0.4876
0.49373333
0.49986667
0.506
0.51213333
0.51826667
0.5244
0.53053333
0.53666667
0.5428
0.54893333
0.55506667
0.5612
0.56733333
0.57346667
0.5796
0.58573333
0.59186667
0.598
0.60413333
0.61026667
0.6164
0.62253333
0.62866667
0.6348
0.64093333
0.64706667
0.6532
0.65933333
0.66546667
0.6716
0.67773333
0.68386667
0.69
0.69613333
0.70226667
0.7084
0.71453333
0.72066667
0.7268
0.73293333
0.73906667
0.7452
0.75133333
0.75746667
0.7636
0.76973333
0.77586667
0.782
0.78813333
0.79426667
0.8004
0.80653333
0.81266667
0.8188
0.82493333
0.83106667
0.8372
0.84333333
0.84946667
0.8556
0.86173333
0.86786667
0.874
0.88013333
0.88626667
0.8924
0.89853333
0.90466667
0.9108
0.91693333
0.0030666667
0.0092
0.015333333
0.021466667
0.0276
0.033733333
0.039866667
0.046
0.052133333
0.058266667
0.0644
0.070533333
0.076666667
0.0828
0.088933333
0.095066667
0.1012
0.10733333
0.11346667
0.1196
0.12573333
0.13186667
0.138
0.14413333
0.15026667
0.1564
0.16253333
0.16866667
0.1748
0.18093333
0.18706667
0.1932
0.19933333
0.20546667
0.2116
0.21773333
0.22386667
0.23
0.23613333
0.24226667
0.2484
0.25453333
0.26066667
0.2668
0.27293333
0.27906667
0.2852
0.29133333
0.29746667
0.3036
0.30973333
0.31586667
0.322
0.32813333
0.33426667
0.3404
0.34653333
0.35266667
0.3588
0.36493333
0.37106667
0.3772
0.38333333
0.38946667
0.3956
0.40173333
0.40786667
0.414
0.42013333
0.42626667
0.4324
0.43853333
0.44466667
0.4508
0.45693333
0.46306667
0.4692
0.47533333
0.48146667
0.4876
0.49373333
0.49986667
0.506
0.51213333
0.51826667
0.5244
0.53053333
0.53666667
0.5428
0.54893333
0.55506667
0.5612
0.56733333
0.57346667
0.5796
0.58573333
0.59186667
0.598
0.60413333
0.61026667
0.6164
0.62253333
0.62866667
0.6348
0.64093333
0.64706667
0.6532
0.65933333
0.66546667
0.6716
0.67773333
0.68386667
0.69
0.69613333
0.70226667
0.7084
0.71453333
0.72066667
0.7268
0.73293333
0.73906667
0.7452
0.75133333
0.75746667
0.7636
0.76973333
0.77586667
0.782
0.78813333
0.79426667
0.8004
0.80653333
0.81266667
0.8188
0.82493333
0.83106667
0.8372
0.84333333
0.84946667
0.8556
0.86173333
0.86786667
0.874
0.88013333
0.88626667
0.8924
0.89853333
0.90466667
0.9108
0.91693333
0.0030666667
0.0092
0.015333333
0.021466667
0.0276
0.033733333
0.039866667
0.046
0.052133333
0.058266667
0.0644
0.070533333
0.076666667
0.0828
0.088933333
0.095066667
0.1012
0.10733333
0.11346667
0.1196
0.12573333
0.13186667
0.138
0.14413333
0.15026667
0.1564
0.16253333
0.16866667
0.1748
0.18093333
0.18706667
0.1932
0.19933333
0.20546667
0.2116
0.21773333
0.22386667
0.23
0.23613333
0.24226667
0.2484
0.25453333
0.26066667
0.2668
0.27293333
0.27906667
0.2852
0.29133333
0.29746667
0.3036
0.30973333
0.31586667
0.322
0.32813333
0.33426667
0.3404
0.34653333
0.35266667
0.3588
0.36493333
0.37106667
0.3772
0.38333333
0.38946667
0.3956
0.40173333
0.40786667
0.414
0.42013333
0.42626667
0.4324
0.43853333
0.44466667
0.4508
0.45693333
0.46306667
0.4692
0.47533333
0.48146667
0.4876
0.49373333
0.49986667
0.506
0.51213333
0.51826667
0.5244
0.53053333
0.53666667
0.5428
0.54893333
0.55506667
0.5612
0.56733333
0.57346667
0.5796
0.58573333
0.59186667
0.598
0.60413333
0.61026667
0.6164
0.62253333
0.62866667
0.6348
0.64093333
0.64706667
0.6532
0.65933333
0.66546667
0.6716
0.67773333
0.68386667
0.69
0.69613333
0.70226667
0.7084
0.71453333
0.72066667
0.7268
0.73293333
0.73906667
0.7452
0.75133333
0.75746667
0.7636
0.76973333
0.77586667
0.782
0.78813333
0.79426667
0.8004
0.80653333
0.81266667
0.8188
0.82493333
0.83106667
0.8372
0.84333333
0.84946667
0.8556
0.86173333
0.86786667
0.874
0.88013333
0.88626667
0.8924
0.89853333
0.90466667
0.9108
0.91693333
0.0030666667
0.0092
0.015333333
0.021466667
0.0276
0.033733333
0.039866667
0.046
0.052133333
0.058266667
0.0644
0.070533333
0.076666667
0.0828
0.088933333
0.095066667
0.1012
0.10733333
0.11346667
0.1196
0.12573333
0.13186667
0.138
0.14413333
0.15026667
0.1564
0.16253333
0.16866667
0.1748
0.18093333
0.18706667
0.1932
0.19933333
0.20546667
0.2116
0.21773333
0.22386667
0.23
0.23613333
0.24226667
0.2484
0.25453333
0.26066667
0.2668
0.27293333
0.27906667
0.2852
0.29133333
0.29746667
0.3036
0.30973333
0.31586667
0.322
0.32813333
0.33426667
0.3404
0.34653333
0.35266667
0.3588
0.36493333
0.37106667
0.3772
0.38333333
0.38946667
0.3956
0.40173333
0.40786667
0.414
0.42013333
0.42626667
0.4324
0.43853333
0.44466667
0.4508
0.45693333
0.46306667
0.4692
0.47533333
0.48146667
0.4876
0.49373333
0.49986667
0.506
0.51213333
0.51826667
0.5244
0.53053333
0.53666667
0.5428
0.54893333
0.55506667
0.5612
0.56733333
0.57346667
0.5796
0.58573333
0.59186667
0.598
0.60413333
0.61026667
0.6164
0.62253333
0.62866667
0.6348
0.64093333
0.64706667
0.6532
0.65933333
0.66546667
0.6716
0.67773333
0.68386667
0.69
0.69613333
0.70226667
0.7084
0.71453333
0.72066667
0.7268
0.73293333
0.73906667
0.7452
0.75133333
0.75746667
0.7636
0.76973333
0.77586667
0.782
0.78813333
0.79426667
0.8004
0.80653333
0.81266667
0.8188
0.82493333
0.83106667
0.8372
0.84333333
0.84946667
0.8556
0.86173333
0.86786667
0.874
0.88013333
0.88626667
0.8924
0.89853333
0.90466667
0.9108
0.91693333
0.0030666667
0.0092
0.015333333
0.021466667
0.0276
0.033733333
0.039866667
0.046
0.052133333
0.058266667
0.0644
0.070533333
0.076666667
0.0828
0.088933333
0.095066667
0.1012
0.10733333
0.11346667
0.1196
0.12573333
0.13186667
0.138
0.14413333
0.15026667
0.1564
0.16253333
0.16866667
0.1748
0.18093333
0.18706667
0.1932
0.19933333
0.20546667
0.2116
0.21773333
0.22386667
0.23
0.23613333
0.24226667
0.2484
0.25453333
0.26066667
0.2668
0.27293333
0.27906667
0.2852
0.29133333
0.29746667
0.3036
0.30973333
0.31586667
0.322
0.32813333
0.33426667
0.3404
0.34653333
0.35266667
0.3588
0.36493333
0.37106667
0.3772
0.38333333
0.38946667
0.3956
0.40173333
0.40786667
0.414
0.42013333
0.42626667
0.4324
0.43853333
0.44466667
0.4508
0.45693333
0.46306667
0.4692
0.47533333
0.48146667
0.4876
0.49373333
0.49986667
0.506
0.51213333
0.51826667
0.5244
0.53053333
0.53666667
0.5428
0.54893333
0.55506667
0.5612
0.56733333
0.57346667
0.5796
0.58573333
0.59186667
0.598
0.60413333
0.61026667
0.6164
0.62253333
0.62866667
0.6348
0.64093333
0.64706667
0.6532
0.65933333
0.66546667
0.6716
0.67773333
0.68386667
0.69
0.69613333
0.70226667
0.7084
0.71453333
0.72066667
0.7268
0.73293333
0.73906667
0.7452
0.75133333
0.75746667
0.7636
0.76973333
0.77586667
0.782
0.78813333
0.79426667
0.8004
0.80653333
0.81266667
0.8188
0.82493333
0.83106667
0.8372
0.84333333
0.84946667
0.8556
0.86173333
0.86786667
0.874
0.88013333
0.88626667
0.8924
0.89853333
0.90466667
0.9108
0.91693333
0.0030666667
0.0092
0.015333333
0.021466667
0.0276
0.033733333
0.039866667
0.046
0.052133333
0.058266667
0.0644
0.070533333
0.076666667
0.0828
0.088933333
0.095066667
0.1012
0.10733333
0.11346667
0.1196
0.12573333
0.13186667
0.138
0.14413333
0.15026667
0.1564
0.16253333
0.16866667
0.1748
0.18093333
0.18706667
0.1932
0.19933333
0.20546667
0.2116
0.21773333
0.22386667
0.23
0.23613333
0.24226667
0.2484
0.25453333
0.26066667
0.2668
0.27293333
0.27906667
0.2852
0.29133333
0.29746667
0.3036
0.30973333
0.31586667
0.322
0.32813333
0.33426667
0.3404
0.34653333
0.35266667
0.3588
0.36493333
0.37106667
0.3772
0.38333333
0.38946667
0.3956
0.40173333
0.40786667
0.414
0.42013333
0.42626667
0.4324
0.43853333
0.44466667
0.4508
0.45693333
0.46306667
0.4692
0.47533333
0.48146667
0.4876
0.49373333
0.49986667
0.506
0.51213333
0.51826667
0.5244
0.53053333
0.53666667
0.5428
0.54893333
0.55506667
0.5612
0.56733333
0.57346667
0.5796
0.58573333
0.59186667
0.598
0.60413333
0.61026667
0.6164
0.62253333
0.62866667
0.6348
0.64093333
0.64706667
0.6532
0.65933333
0.66546667
0.6716
0.67773333
0.68386667
0.69
0.69613333
0.70226667
0.7084
0.71453333
0.72066667
0.7268
0.73293333
0.73906667
0.7452
0.75133333
0.75746667
0.7636
0.76973333
0.77586667
0.782
0.78813333
0.79426667
0.8004
0.80653333
0.81266667
0.8188
0.82493333
0.83106667
0.8372
0.84333333
0.84946667
0.8556
0.86173333
0.86786667
0.874
0.88013333
0.88626667
0.8924
0.89853333
0.90466667
0.9108
0.91693333
0.0030666667
0.0092
0.015333333
0.021466667
0.0276
0.033733333
0.039866667
0.046
0.052133333
0.058266667
0.0644
0.070533333
0.076666667
0.0828
0.088933333
0.095066667
0.1012
0.10733333
0.11346667
0.1196
0.12573333
0.13186667
0.138
0.14413333
0.15026667
0.1564
0.16253333
0.16866667
0.1748
0.18093333
0.18706667
0.1932
0.19933333
0.20546667
0.2116
0.21773333
0.22386667
0.23
0.23613333
0.24226667
0.2484
0.25453333
0.26066667
0.2668
0.27293333
0.27906667
0.2852
0.29133333
0.29746667
0.3036
0.30973333
0.31586667
0.322
0.32813333
0.33426667
0.3404
0.34653333
0.35266667
0.3588
0.36493333
0.37106667
0.3772
0.38333333
0.38946667
0.3956
0.40173333
0.40786667
0.414
0.42013333
0.42626667
0.4324
0.43853333
0.44466667
0.4508
0.45693333
0.46306667
0.4692
0.47533333
0.48146667
0.4876
0.49373333
0.49986667
0.506
0.51213333
0.51826667
0.5244
0.53053333
0.53666667
0.5428
0.54893333
0.55506667
0.5612
0.56733333
0.57346667
0.5796
0.58573333
0.59186667
0.598
0.60413333
0.61026667
0.6164
0.62253333
0.62866667
0.6348
0.64093333
0.64706667
0.6532
0.65933333
0.66546667
0.6716
0.67773333
0.68386667
0.69
0.69613333
0.70226667
0.7084
0.71453333
0.72066667
0.7268
0.73293333
0.73906667
0.7452
0.75133333
0.75746667
0.7636
0.76973333
0.77586667
0.782
0.78813333
0.79426667
0.8004
0.80653333
0.81266667
0.8188
0.82493333
0.83106667
0.8372
0.84333333
0.84946667
0.8556
0.86173333
0.86786667
0.874
0.88013333
0.88626667
0.8924
0.89853333
0.90466667
0.9108
0.91693333
)
;

boundaryField
{
    inlet
    {
        type            calculated;
        value           uniform 0;
    }
    outlet
    {
        type            calculated;
        value           nonuniform List<scalar> 
52
(
0.92
0.92
0.92
0.92
0.92
0.92
0.92
0.92
0.92
0.92
0.92
0.92
0.92
0.92
0.92
0.92
0.92
0.92
0.92
0.92
0.92
0.92
0.92
0.92
0.92
0.92
0.92
0.92
0.92
0.92
0.92
0.92
0.92
0.92
0.92
0.92
0.92
0.92
0.92
0.92
0.92
0.92
0.92
0.92
0.92
0.92
0.92
0.92
0.92
0.92
0.92
0.92
)
;
    }
    bottom
    {
        type            calculated;
        value           nonuniform List<scalar> 
150
(
0.0030666667
0.0092
0.015333333
0.021466667
0.0276
0.033733333
0.039866667
0.046
0.052133333
0.058266667
0.0644
0.070533333
0.076666667
0.0828
0.088933333
0.095066667
0.1012
0.10733333
0.11346667
0.1196
0.12573333
0.13186667
0.138
0.14413333
0.15026667
0.1564
0.16253333
0.16866667
0.1748
0.18093333
0.18706667
0.1932
0.19933333
0.20546667
0.2116
0.21773333
0.22386667
0.23
0.23613333
0.24226667
0.2484
0.25453333
0.26066667
0.2668
0.27293333
0.27906667
0.2852
0.29133333
0.29746667
0.3036
0.30973333
0.31586667
0.322
0.32813333
0.33426667
0.3404
0.34653333
0.35266667
0.3588
0.36493333
0.37106667
0.3772
0.38333333
0.38946667
0.3956
0.40173333
0.40786667
0.414
0.42013333
0.42626667
0.4324
0.43853333
0.44466667
0.4508
0.45693333
0.46306667
0.4692
0.47533333
0.48146667
0.4876
0.49373333
0.49986667
0.506
0.51213333
0.51826667
0.5244
0.53053333
0.53666667
0.5428
0.54893333
0.55506667
0.5612
0.56733333
0.57346667
0.5796
0.58573333
0.59186667
0.598
0.60413333
0.61026667
0.6164
0.62253333
0.62866667
0.6348
0.64093333
0.64706667
0.6532
0.65933333
0.66546667
0.6716
0.67773333
0.68386667
0.69
0.69613333
0.70226667
0.7084
0.71453333
0.72066667
0.7268
0.73293333
0.73906667
0.7452
0.75133333
0.75746667
0.7636
0.76973333
0.77586667
0.782
0.78813333
0.79426667
0.8004
0.80653333
0.81266667
0.8188
0.82493333
0.83106667
0.8372
0.84333333
0.84946667
0.8556
0.86173333
0.86786667
0.874
0.88013333
0.88626667
0.8924
0.89853333
0.90466667
0.9108
0.91693333
)
;
    }
    top
    {
        type            calculated;
        value           nonuniform List<scalar> 
150
(
0.0030666667
0.0092
0.015333333
0.021466667
0.0276
0.033733333
0.039866667
0.046
0.052133333
0.058266667
0.0644
0.070533333
0.076666667
0.0828
0.088933333
0.095066667
0.1012
0.10733333
0.11346667
0.1196
0.12573333
0.13186667
0.138
0.14413333
0.15026667
0.1564
0.16253333
0.16866667
0.1748
0.18093333
0.18706667
0.1932
0.19933333
0.20546667
0.2116
0.21773333
0.22386667
0.23
0.23613333
0.24226667
0.2484
0.25453333
0.26066667
0.2668
0.27293333
0.27906667
0.2852
0.29133333
0.29746667
0.3036
0.30973333
0.31586667
0.322
0.32813333
0.33426667
0.3404
0.34653333
0.35266667
0.3588
0.36493333
0.37106667
0.3772
0.38333333
0.38946667
0.3956
0.40173333
0.40786667
0.414
0.42013333
0.42626667
0.4324
0.43853333
0.44466667
0.4508
0.45693333
0.46306667
0.4692
0.47533333
0.48146667
0.4876
0.49373333
0.49986667
0.506
0.51213333
0.51826667
0.5244
0.53053333
0.53666667
0.5428
0.54893333
0.55506667
0.5612
0.56733333
0.57346667
0.5796
0.58573333
0.59186667
0.598
0.60413333
0.61026667
0.6164
0.62253333
0.62866667
0.6348
0.64093333
0.64706667
0.6532
0.65933333
0.66546667
0.6716
0.67773333
0.68386667
0.69
0.69613333
0.70226667
0.7084
0.71453333
0.72066667
0.7268
0.73293333
0.73906667
0.7452
0.75133333
0.75746667
0.7636
0.76973333
0.77586667
0.782
0.78813333
0.79426667
0.8004
0.80653333
0.81266667
0.8188
0.82493333
0.83106667
0.8372
0.84333333
0.84946667
0.8556
0.86173333
0.86786667
0.874
0.88013333
0.88626667
0.8924
0.89853333
0.90466667
0.9108
0.91693333
)
;
    }
    front
    {
        type            empty;
    }
    back
    {
        type            empty;
    }
}


// ************************************************************************* //
