/*--------------------------------*- C++ -*----------------------------------*\
  =========                 |
  \\      /  F ield         | OpenFOAM: The Open Source CFD Toolbox
   \\    /   O peration     |
    \\  /    A nd           | www.openfoam.com
     \\/     M anipulation  |
\*---------------------------------------------------------------------------*/
FoamFile
{
    version     2.0;
    format      ascii;
    class       volVectorField;
    object      U;
}
// * * * * * * * * * * * * * * * * * * * * * * * * * * * * * * * * * * * * * //

dimensions      [0 1 -1 0 0 0 0];

internalField   uniform (1.0441 0 0);

boundaryField
{
    inlet
    {
        type            fixedValue;
        value           nonuniform List<vector>
90
(
(2.741886e-02 0 0)
(8.491245e-02 0 0)
(1.477556e-01 0 0)
(2.148766e-01 0 0)
(2.800756e-01 0 0)
(3.379130e-01 0 0)
(3.865414e-01 0 0)
(4.270874e-01 0 0)
(4.613989e-01 0 0)
(4.910495e-01 0 0)
(5.170260e-01 0 0)
(5.401967e-01 0 0)
(5.613879e-01 0 0)
(5.809951e-01 0 0)
(5.993165e-01 0 0)
(6.165810e-01 0 0)
(6.329673e-01 0 0)
(6.486170e-01 0 0)
(6.636442e-01 0 0)
(6.781423e-01 0 0)
(6.921885e-01 0 0)
(7.058476e-01 0 0)
(7.191749e-01 0 0)
(7.322183e-01 0 0)
(7.450195e-01 0 0)
(7.576160e-01 0 0)
(7.700417e-01 0 0)
(7.823278e-01 0 0)
(7.945039e-01 0 0)
(8.065983e-01 0 0)
(8.186387e-01 0 0)
(8.306529e-01 0 0)
(8.426688e-01 0 0)
(8.547155e-01 0 0)
(8.668229e-01 0 0)
(8.790226e-01 0 0)
(8.913480e-01 0 0)
(9.038340e-01 0 0)
(9.165170e-01 0 0)
(9.294345e-01 0 0)
(9.426233e-01 0 0)
(9.561185e-01 0 0)
(9.699476e-01 0 0)
(9.841375e-01 0 0)
(9.987067e-01 0 0)
(1.013518e+00 0 0)
(1.028854e+00 0 0)
(1.043091e+00 0 0)
(1.046727e+00 0 0)
(1.046371e+00 0 0)
(1.046017e+00 0 0)
(1.045688e+00 0 0)
(1.045382e+00 0 0)
(1.045102e+00 0 0)
(1.044848e+00 0 0)
(1.044623e+00 0 0)
(1.044430e+00 0 0)
(1.044277e+00 0 0)
(1.044171e+00 0 0)
(1.044125e+00 0 0)
(1.044124e+00 0 0)
(1.044124e+00 0 0)
(1.044124e+00 0 0)
(1.044124e+00 0 0)
(1.044124e+00 0 0)
(1.044124e+00 0 0)
(1.044124e+00 0 0)
(1.044124e+00 0 0)
(1.044124e+00 0 0)
(1.044124e+00 0 0)
(1.044124e+00 0 0)
(1.044124e+00 0 0)
(1.044124e+00 0 0)
(1.044124e+00 0 0)
(1.044124e+00 0 0)
(1.044124e+00 0 0)
(1.044124e+00 0 0)
(1.044124e+00 0 0)
(1.044124e+00 0 0)
(1.044124e+00 0 0)
(1.044124e+00 0 0)
(1.044124e+00 0 0)
(1.044124e+00 0 0)
(1.044124e+00 0 0)
(1.044124e+00 0 0)
(1.044124e+00 0 0)
(1.044124e+00 0 0)
(1.044124e+00 0 0)
(1.044124e+00 0 0)
(1.044124e+00 0 0)
)
;
    }

    outlet
    {
        type            zeroGradient;
    }

    bottom
    {
        type            noSlip;
    }

    top
    {
        type            slip;
    }

    front
    {
        type            empty;
    }

    back
    {
        type            empty;
    }
}

// ************************************************************************* //
