/*--------------------------------*- C++ -*----------------------------------*\
  =========                 |
  \\      /  F ield         | OpenFOAM: The Open Source CFD Toolbox
   \\    /   O peration     |
    \\  /    A nd           | www.openfoam.com
     \\/     M anipulation  |
\*---------------------------------------------------------------------------*/
FoamFile
{
    version     2.0;
    format      ascii;
    class       volVectorField;
    object      U;
}
// * * * * * * * * * * * * * * * * * * * * * * * * * * * * * * * * * * * * * //

dimensions      [0 1 -1 0 0 0 0];

internalField   uniform (1.0441 0 0);

boundaryField
{
    inlet
    {
        type            fixedValue;
        value           nonuniform List<vector>
222
(
(2.030967e-02 0 0)
(2.030967e-02 0 0)
(2.820370e-02 0 0)
(4.016826e-02 0 0)
(5.255729e-02 0 0)
(6.538297e-02 0 0)
(7.865101e-02 0 0)
(9.238975e-02 0 0)
(1.066159e-01 0 0)
(1.212670e-01 0 0)
(1.364152e-01 0 0)
(1.521008e-01 0 0)
(1.681145e-01 0 0)
(1.844131e-01 0 0)
(2.012899e-01 0 0)
(2.184832e-01 0 0)
(2.350148e-01 0 0)
(2.521328e-01 0 0)
(2.698581e-01 0 0)
(2.854238e-01 0 0)
(3.014679e-01 0 0)
(3.180812e-01 0 0)
(3.324345e-01 0 0)
(3.466390e-01 0 0)
(3.613474e-01 0 0)
(3.742480e-01 0 0)
(3.865880e-01 0 0)
(3.993658e-01 0 0)
(4.108245e-01 0 0)
(4.215986e-01 0 0)
(4.327551e-01 0 0)
(4.429372e-01 0 0)
(4.524763e-01 0 0)
(4.623538e-01 0 0)
(4.714648e-01 0 0)
(4.800429e-01 0 0)
(4.889253e-01 0 0)
(4.971543e-01 0 0)
(5.049813e-01 0 0)
(5.130861e-01 0 0)
(5.205897e-01 0 0)
(5.278239e-01 0 0)
(5.353147e-01 0 0)
(5.422185e-01 0 0)
(5.489792e-01 0 0)
(5.559798e-01 0 0)
(5.623831e-01 0 0)
(5.687618e-01 0 0)
(5.753669e-01 0 0)
(5.813482e-01 0 0)
(5.874160e-01 0 0)
(5.936990e-01 0 0)
(5.993209e-01 0 0)
(6.051336e-01 0 0)
(6.110549e-01 0 0)
(6.164654e-01 0 0)
(6.220678e-01 0 0)
(6.276711e-01 0 0)
(6.329136e-01 0 0)
(6.383420e-01 0 0)
(6.436694e-01 0 0)
(6.487728e-01 0 0)
(6.540572e-01 0 0)
(6.591432e-01 0 0)
(6.641315e-01 0 0)
(6.692968e-01 0 0)
(6.741700e-01 0 0)
(6.790636e-01 0 0)
(6.841309e-01 0 0)
(6.888152e-01 0 0)
(6.936317e-01 0 0)
(6.985431e-01 0 0)
(7.031347e-01 0 0)
(7.078892e-01 0 0)
(7.126322e-01 0 0)
(7.171770e-01 0 0)
(7.218830e-01 0 0)
(7.264751e-01 0 0)
(7.309847e-01 0 0)
(7.356543e-01 0 0)
(7.401109e-01 0 0)
(7.445960e-01 0 0)
(7.492402e-01 0 0)
(7.535752e-01 0 0)
(7.580458e-01 0 0)
(7.625885e-01 0 0)
(7.669010e-01 0 0)
(7.713666e-01 0 0)
(7.758029e-01 0 0)
(7.801195e-01 0 0)
(7.845893e-01 0 0)
(7.889313e-01 0 0)
(7.932609e-01 0 0)
(7.977441e-01 0 0)
(8.020036e-01 0 0)
(8.063550e-01 0 0)
(8.108170e-01 0 0)
(8.150495e-01 0 0)
(8.194320e-01 0 0)
(8.238279e-01 0 0)
(8.280997e-01 0 0)
(8.325230e-01 0 0)
(8.368650e-01 0 0)
(8.411862e-01 0 0)
(8.456606e-01 0 0)
(8.499616e-01 0 0)
(8.543428e-01 0 0)
(8.588527e-01 0 0)
(8.631530e-01 0 0)
(8.676059e-01 0 0)
(8.720957e-01 0 0)
(8.764773e-01 0 0)
(8.810144e-01 0 0)
(8.854993e-01 0 0)
(8.899755e-01 0 0)
(8.946105e-01 0 0)
(8.991066e-01 0 0)
(9.036917e-01 0 0)
(9.084157e-01 0 0)
(9.129636e-01 0 0)
(9.176728e-01 0 0)
(9.224351e-01 0 0)
(9.271183e-01 0 0)
(9.319677e-01 0 0)
(9.367854e-01 0 0)
(9.416194e-01 0 0)
(9.466250e-01 0 0)
(9.515138e-01 0 0)
(9.565140e-01 0 0)
(9.616616e-01 0 0)
(9.666617e-01 0 0)
(9.718393e-01 0 0)
(9.770451e-01 0 0)
(9.822545e-01 0 0)
(9.876276e-01 0 0)
(9.928919e-01 0 0)
(9.983430e-01 0 0)
(1.003726e+00 0 0)
(1.009255e+00 0 0)
(1.014753e+00 0 0)
(1.020388e+00 0 0)
(1.026047e+00 0 0)
(1.031863e+00 0 0)
(1.037658e+00 0 0)
(1.042489e+00 0 0)
(1.045650e+00 0 0)
(1.046538e+00 0 0)
(1.046715e+00 0 0)
(1.046589e+00 0 0)
(1.046454e+00 0 0)
(1.046319e+00 0 0)
(1.046185e+00 0 0)
(1.046056e+00 0 0)
(1.045931e+00 0 0)
(1.045809e+00 0 0)
(1.045690e+00 0 0)
(1.045574e+00 0 0)
(1.045461e+00 0 0)
(1.045352e+00 0 0)
(1.045246e+00 0 0)
(1.045144e+00 0 0)
(1.045045e+00 0 0)
(1.044950e+00 0 0)
(1.044858e+00 0 0)
(1.044771e+00 0 0)
(1.044688e+00 0 0)
(1.044609e+00 0 0)
(1.044534e+00 0 0)
(1.044464e+00 0 0)
(1.044400e+00 0 0)
(1.044341e+00 0 0)
(1.044287e+00 0 0)
(1.044241e+00 0 0)
(1.044201e+00 0 0)
(1.044168e+00 0 0)
(1.044144e+00 0 0)
(1.044129e+00 0 0)
(1.044124e+00 0 0)
(1.044124e+00 0 0)
(1.044124e+00 0 0)
(1.044124e+00 0 0)
(1.044124e+00 0 0)
(1.044124e+00 0 0)
(1.044124e+00 0 0)
(1.044124e+00 0 0)
(1.044124e+00 0 0)
(1.044124e+00 0 0)
(1.044124e+00 0 0)
(1.044124e+00 0 0)
(1.044124e+00 0 0)
(1.044124e+00 0 0)
(1.044124e+00 0 0)
(1.044124e+00 0 0)
(1.044124e+00 0 0)
(1.044124e+00 0 0)
(1.044124e+00 0 0)
(1.044124e+00 0 0)
(1.044124e+00 0 0)
(1.044124e+00 0 0)
(1.044124e+00 0 0)
(1.044124e+00 0 0)
(1.044124e+00 0 0)
(1.044124e+00 0 0)
(1.044124e+00 0 0)
(1.044124e+00 0 0)
(1.044124e+00 0 0)
(1.044124e+00 0 0)
(1.044124e+00 0 0)
(1.044124e+00 0 0)
(1.044124e+00 0 0)
(1.044124e+00 0 0)
(1.044124e+00 0 0)
(1.044124e+00 0 0)
(1.044124e+00 0 0)
(1.044124e+00 0 0)
(1.044124e+00 0 0)
(1.044124e+00 0 0)
(1.044124e+00 0 0)
(1.044124e+00 0 0)
(1.044124e+00 0 0)
(1.044124e+00 0 0)
(1.044124e+00 0 0)
)
;
    }

    outlet
    {
        type            zeroGradient;
    }

    bottom
    {
        type            noSlip;
    }

    top
    {
        type            slip;
    }

    front
    {
        type            empty;
    }

    back
    {
        type            empty;
    }
}

// ************************************************************************* //
