 1.784E-03 4.397E-03 1.045E-05 2.240E-01 9.918E-04 7.167E-07 1.183E-03 -2.672E-06 3.894E-03 8.098E-04
 1.415E-02 4.422E-02 -3.781E-04 2.233E-01 1.898E-02 3.411E-04 2.036E-02 -2.456E-04 7.102E-02 2.035E-01
 2.652E-02 7.182E-02 -1.083E-03 2.211E-01 2.712E-02 1.437E-03 2.954E-02 -5.848E-04 1.040E-01 6.589E-01
 3.889E-02 9.043E-02 -1.975E-03 2.180E-01 3.021E-02 2.952E-03 3.336E-02 -9.423E-04 1.191E-01 1.108E+00
 5.126E-02 1.043E-01 -3.001E-03 2.146E-01 3.163E-02 4.627E-03 3.513E-02 -1.339E-03 1.278E-01 1.413E+00
 6.363E-02 1.153E-01 -4.128E-03 2.110E-01 3.232E-02 6.333E-03 3.587E-02 -1.768E-03 1.334E-01 1.615E+00
 7.600E-02 1.245E-01 -5.325E-03 2.076E-01 3.266E-02 8.004E-03 3.606E-02 -2.216E-03 1.373E-01 1.775E+00
 8.837E-02 1.323E-01 -6.565E-03 2.043E-01 3.285E-02 9.607E-03 3.595E-02 -2.680E-03 1.403E-01 1.891E+00
 1.007E-01 1.392E-01 -7.829E-03 2.012E-01 3.303E-02 1.113E-02 3.569E-02 -3.156E-03 1.429E-01 1.967E+00
 1.131E-01 1.453E-01 -9.105E-03 1.982E-01 3.325E-02 1.257E-02 3.539E-02 -3.644E-03 1.454E-01 2.010E+00
 1.255E-01 1.509E-01 -1.039E-02 1.954E-01 3.353E-02 1.393E-02 3.509E-02 -4.138E-03 1.478E-01 2.038E+00
 1.378E-01 1.560E-01 -1.167E-02 1.928E-01 3.387E-02 1.522E-02 3.483E-02 -4.639E-03 1.502E-01 2.057E+00
 1.502E-01 1.607E-01 -1.297E-02 1.903E-01 3.428E-02 1.643E-02 3.462E-02 -5.145E-03 1.527E-01 2.073E+00
 1.626E-01 1.652E-01 -1.426E-02 1.879E-01 3.472E-02 1.758E-02 3.445E-02 -5.654E-03 1.553E-01 2.092E+00
 1.749E-01 1.695E-01 -1.555E-02 1.857E-01 3.518E-02 1.867E-02 3.432E-02 -6.163E-03 1.578E-01 2.111E+00
 1.873E-01 1.737E-01 -1.682E-02 1.836E-01 3.564E-02 1.970E-02 3.423E-02 -6.666E-03 1.603E-01 2.131E+00
 1.997E-01 1.777E-01 -1.808E-02 1.815E-01 3.607E-02 2.068E-02 3.416E-02 -7.159E-03 1.627E-01 2.149E+00
 2.121E-01 1.817E-01 -1.932E-02 1.796E-01 3.647E-02 2.161E-02 3.413E-02 -7.642E-03 1.650E-01 2.171E+00
 2.244E-01 1.858E-01 -2.055E-02 1.777E-01 3.687E-02 2.251E-02 3.412E-02 -8.122E-03 1.673E-01 2.196E+00
 2.368E-01 1.898E-01 -2.179E-02 1.759E-01 3.726E-02 2.335E-02 3.415E-02 -8.605E-03 1.696E-01 2.220E+00
 2.492E-01 1.939E-01 -2.301E-02 1.741E-01 3.767E-02 2.416E-02 3.422E-02 -9.090E-03 1.719E-01 2.236E+00
 2.615E-01 1.980E-01 -2.422E-02 1.725E-01 3.809E-02 2.493E-02 3.435E-02 -9.580E-03 1.743E-01 2.242E+00
 2.739E-01 2.021E-01 -2.541E-02 1.709E-01 3.853E-02 2.565E-02 3.454E-02 -1.007E-02 1.767E-01 2.243E+00
 2.863E-01 2.062E-01 -2.658E-02 1.694E-01 3.899E-02 2.633E-02 3.477E-02 -1.056E-02 1.791E-01 2.241E+00
 2.986E-01 2.104E-01 -2.774E-02 1.679E-01 3.948E-02 2.696E-02 3.502E-02 -1.105E-02 1.816E-01 2.238E+00
 3.110E-01 2.147E-01 -2.890E-02 1.666E-01 4.002E-02 2.756E-02 3.528E-02 -1.154E-02 1.841E-01 2.231E+00
 3.234E-01 2.189E-01 -3.006E-02 1.653E-01 4.061E-02 2.812E-02 3.555E-02 -1.203E-02 1.866E-01 2.228E+00
 3.357E-01 2.232E-01 -3.120E-02 1.641E-01 4.126E-02 2.864E-02 3.584E-02 -1.251E-02 1.893E-01 2.237E+00
 3.481E-01 2.275E-01 -3.232E-02 1.629E-01 4.193E-02 2.914E-02 3.614E-02 -1.299E-02 1.919E-01 2.255E+00
 3.605E-01 2.319E-01 -3.342E-02 1.618E-01 4.262E-02 2.961E-02 3.643E-02 -1.345E-02 1.945E-01 2.276E+00
 3.728E-01 2.364E-01 -3.450E-02 1.607E-01 4.332E-02 3.007E-02 3.673E-02 -1.390E-02 1.971E-01 2.291E+00
 3.852E-01 2.410E-01 -3.556E-02 1.597E-01 4.404E-02 3.050E-02 3.702E-02 -1.435E-02 1.997E-01 2.292E+00
 3.976E-01 2.459E-01 -3.660E-02 1.587E-01 4.477E-02 3.091E-02 3.729E-02 -1.478E-02 2.022E-01 2.293E+00
 4.100E-01 2.509E-01 -3.762E-02 1.577E-01 4.551E-02 3.130E-02 3.754E-02 -1.521E-02 2.047E-01 2.311E+00
 4.223E-01 2.560E-01 -3.861E-02 1.568E-01 4.627E-02 3.167E-02 3.779E-02 -1.565E-02 2.071E-01 2.332E+00
 4.347E-01 2.612E-01 -3.960E-02 1.559E-01 4.704E-02 3.201E-02 3.804E-02 -1.607E-02 2.096E-01 2.355E+00
 4.471E-01 2.665E-01 -4.055E-02 1.550E-01 4.779E-02 3.233E-02 3.829E-02 -1.649E-02 2.119E-01 2.383E+00
 4.594E-01 2.719E-01 -4.148E-02 1.542E-01 4.850E-02 3.263E-02 3.854E-02 -1.689E-02 2.142E-01 2.409E+00
 4.718E-01 2.775E-01 -4.237E-02 1.534E-01 4.917E-02 3.290E-02 3.876E-02 -1.728E-02 2.163E-01 2.423E+00
 4.842E-01 2.831E-01 -4.322E-02 1.526E-01 4.981E-02 3.316E-02 3.897E-02 -1.766E-02 2.182E-01 2.421E+00
 4.965E-01 2.888E-01 -4.404E-02 1.519E-01 5.045E-02 3.339E-02 3.919E-02 -1.803E-02 2.202E-01 2.413E+00
 5.089E-01 2.945E-01 -4.483E-02 1.512E-01 5.107E-02 3.360E-02 3.944E-02 -1.838E-02 2.221E-01 2.408E+00
 5.213E-01 3.003E-01 -4.560E-02 1.505E-01 5.168E-02 3.379E-02 3.971E-02 -1.871E-02 2.241E-01 2.407E+00
 5.336E-01 3.062E-01 -4.634E-02 1.498E-01 5.228E-02 3.397E-02 4.000E-02 -1.902E-02 2.260E-01 2.404E+00
 5.460E-01 3.121E-01 -4.706E-02 1.491E-01 5.286E-02 3.413E-02 4.029E-02 -1.930E-02 2.278E-01 2.385E+00
 5.584E-01 3.181E-01 -4.777E-02 1.485E-01 5.344E-02 3.427E-02 4.057E-02 -1.957E-02 2.296E-01 2.367E+00
 5.707E-01 3.241E-01 -4.848E-02 1.478E-01 5.400E-02 3.441E-02 4.083E-02 -1.983E-02 2.313E-01 2.352E+00
 5.831E-01 3.302E-01 -4.917E-02 1.472E-01 5.453E-02 3.453E-02 4.107E-02 -2.007E-02 2.329E-01 2.341E+00
 5.955E-01 3.365E-01 -4.985E-02 1.466E-01 5.504E-02 3.464E-02 4.131E-02 -2.031E-02 2.345E-01 2.331E+00
 6.079E-01 3.428E-01 -5.050E-02 1.461E-01 5.553E-02 3.475E-02 4.154E-02 -2.055E-02 2.359E-01 2.322E+00
 6.202E-01 3.492E-01 -5.113E-02 1.455E-01 5.599E-02 3.485E-02 4.175E-02 -2.079E-02 2.373E-01 2.315E+00
 6.326E-01 3.557E-01 -5.172E-02 1.450E-01 5.645E-02 3.494E-02 4.192E-02 -2.103E-02 2.386E-01 2.310E+00
 6.450E-01 3.622E-01 -5.229E-02 1.444E-01 5.690E-02 3.502E-02 4.207E-02 -2.127E-02 2.398E-01 2.307E+00
 6.573E-01 3.687E-01 -5.283E-02 1.439E-01 5.733E-02 3.509E-02 4.216E-02 -2.149E-02 2.409E-01 2.312E+00
 6.697E-01 3.753E-01 -5.334E-02 1.434E-01 5.776E-02 3.515E-02 4.221E-02 -2.170E-02 2.418E-01 2.314E+00
 6.821E-01 3.820E-01 -5.383E-02 1.429E-01 5.819E-02 3.520E-02 4.223E-02 -2.189E-02 2.427E-01 2.316E+00
 6.944E-01 3.888E-01 -5.430E-02 1.425E-01 5.861E-02 3.524E-02 4.222E-02 -2.205E-02 2.435E-01 2.320E+00
 7.068E-01 3.956E-01 -5.475E-02 1.420E-01 5.902E-02 3.527E-02 4.221E-02 -2.220E-02 2.443E-01 2.324E+00
 7.192E-01 4.024E-01 -5.518E-02 1.416E-01 5.940E-02 3.527E-02 4.217E-02 -2.233E-02 2.449E-01 2.326E+00
 7.315E-01 4.093E-01 -5.559E-02 1.412E-01 5.975E-02 3.527E-02 4.210E-02 -2.243E-02 2.454E-01 2.326E+00
 7.439E-01 4.162E-01 -5.598E-02 1.409E-01 6.007E-02 3.525E-02 4.200E-02 -2.253E-02 2.458E-01 2.324E+00
 7.563E-01 4.232E-01 -5.632E-02 1.405E-01 6.037E-02 3.522E-02 4.189E-02 -2.260E-02 2.461E-01 2.319E+00
 7.686E-01 4.302E-01 -5.666E-02 1.402E-01 6.066E-02 3.519E-02 4.178E-02 -2.268E-02 2.463E-01 2.314E+00
 7.810E-01 4.372E-01 -5.695E-02 1.399E-01 6.096E-02 3.512E-02 4.172E-02 -2.273E-02 2.466E-01 2.310E+00
 7.934E-01 4.442E-01 -5.724E-02 1.397E-01 6.125E-02 3.505E-02 4.166E-02 -2.279E-02 2.469E-01 2.307E+00
 8.058E-01 4.512E-01 -5.751E-02 1.394E-01 6.151E-02 3.495E-02 4.163E-02 -2.282E-02 2.472E-01 2.309E+00
 8.181E-01 4.583E-01 -5.778E-02 1.392E-01 6.174E-02 3.485E-02 4.159E-02 -2.284E-02 2.473E-01 2.311E+00
 8.305E-01 4.654E-01 -5.805E-02 1.390E-01 6.190E-02 3.473E-02 4.152E-02 -2.284E-02 2.473E-01 2.309E+00
 8.429E-01 4.726E-01 -5.830E-02 1.388E-01 6.204E-02 3.461E-02 4.144E-02 -2.284E-02 2.471E-01 2.306E+00
 8.552E-01 4.798E-01 -5.854E-02 1.387E-01 6.213E-02 3.447E-02 4.130E-02 -2.282E-02 2.468E-01 2.298E+00
 8.676E-01 4.869E-01 -5.876E-02 1.385E-01 6.223E-02 3.433E-02 4.116E-02 -2.280E-02 2.465E-01 2.287E+00
 8.800E-01 4.939E-01 -5.897E-02 1.384E-01 6.233E-02 3.416E-02 4.102E-02 -2.276E-02 2.461E-01 2.276E+00
 8.923E-01 5.009E-01 -5.917E-02 1.382E-01 6.243E-02 3.398E-02 4.086E-02 -2.270E-02 2.457E-01 2.264E+00
 9.047E-01 5.079E-01 -5.936E-02 1.381E-01 6.252E-02 3.378E-02 4.069E-02 -2.263E-02 2.452E-01 2.251E+00
 9.171E-01 5.149E-01 -5.953E-02 1.380E-01 6.261E-02 3.359E-02 4.050E-02 -2.254E-02 2.447E-01 2.238E+00
 9.294E-01 5.220E-01 -5.968E-02 1.379E-01 6.265E-02 3.338E-02 4.024E-02 -2.244E-02 2.439E-01 2.216E+00
 9.418E-01 5.290E-01 -5.982E-02 1.379E-01 6.270E-02 3.317E-02 3.999E-02 -2.233E-02 2.432E-01 2.193E+00
 9.542E-01 5.361E-01 -5.988E-02 1.378E-01 6.267E-02 3.294E-02 3.966E-02 -2.222E-02 2.421E-01 2.172E+00
 9.665E-01 5.432E-01 -5.994E-02 1.377E-01 6.263E-02 3.272E-02 3.933E-02 -2.210E-02 2.411E-01 2.152E+00
 9.789E-01 5.504E-01 -5.996E-02 1.377E-01 6.255E-02 3.249E-02 3.897E-02 -2.196E-02 2.399E-01 2.137E+00
 9.913E-01 5.576E-01 -5.996E-02 1.376E-01 6.245E-02 3.225E-02 3.860E-02 -2.182E-02 2.386E-01 2.124E+00
 1.004E+00 5.647E-01 -5.993E-02 1.376E-01 6.232E-02 3.200E-02 3.822E-02 -2.167E-02 2.372E-01 2.112E+00
 1.016E+00 5.718E-01 -5.990E-02 1.376E-01 6.218E-02 3.173E-02 3.782E-02 -2.152E-02 2.358E-01 2.100E+00
 1.028E+00 5.789E-01 -5.986E-02 1.377E-01 6.204E-02 3.145E-02 3.744E-02 -2.137E-02 2.343E-01 2.089E+00
 1.041E+00 5.859E-01 -5.978E-02 1.377E-01 6.187E-02 3.116E-02 3.710E-02 -2.121E-02 2.329E-01 2.079E+00
 1.053E+00 5.928E-01 -5.970E-02 1.377E-01 6.171E-02 3.086E-02 3.676E-02 -2.105E-02 2.315E-01 2.068E+00
 1.065E+00 5.996E-01 -5.957E-02 1.378E-01 6.147E-02 3.054E-02 3.642E-02 -2.086E-02 2.299E-01 2.053E+00
 1.078E+00 6.065E-01 -5.942E-02 1.379E-01 6.122E-02 3.022E-02 3.610E-02 -2.067E-02 2.283E-01 2.037E+00
 1.090E+00 6.134E-01 -5.928E-02 1.380E-01 6.094E-02 2.990E-02 3.574E-02 -2.047E-02 2.266E-01 2.023E+00
 1.103E+00 6.204E-01 -5.912E-02 1.381E-01 6.061E-02 2.959E-02 3.535E-02 -2.027E-02 2.247E-01 2.006E+00
 1.115E+00 6.274E-01 -5.896E-02 1.382E-01 6.028E-02 2.927E-02 3.496E-02 -2.007E-02 2.228E-01 1.989E+00
 1.127E+00 6.343E-01 -5.877E-02 1.384E-01 5.984E-02 2.896E-02 3.452E-02 -1.984E-02 2.207E-01 1.974E+00
 1.140E+00 6.413E-01 -5.858E-02 1.385E-01 5.938E-02 2.865E-02 3.408E-02 -1.962E-02 2.185E-01 1.960E+00
 1.152E+00 6.482E-01 -5.839E-02 1.386E-01 5.889E-02 2.833E-02 3.363E-02 -1.940E-02 2.163E-01 1.942E+00
 1.164E+00 6.550E-01 -5.819E-02 1.387E-01 5.833E-02 2.801E-02 3.316E-02 -1.918E-02 2.139E-01 1.926E+00
 1.177E+00 6.617E-01 -5.800E-02 1.388E-01 5.778E-02 2.769E-02 3.270E-02 -1.896E-02 2.115E-01 1.910E+00
 1.189E+00 6.683E-01 -5.774E-02 1.389E-01 5.720E-02 2.738E-02 3.221E-02 -1.873E-02 2.090E-01 1.895E+00
 1.202E+00 6.748E-01 -5.746E-02 1.391E-01 5.661E-02 2.707E-02 3.172E-02 -1.848E-02 2.065E-01 1.882E+00
 1.214E+00 6.812E-01 -5.719E-02 1.393E-01 5.603E-02 2.676E-02 3.122E-02 -1.823E-02 2.041E-01 1.868E+00
 1.226E+00 6.875E-01 -5.691E-02 1.393E-01 5.549E-02 2.649E-02 3.071E-02 -1.797E-02 2.017E-01 1.846E+00
 1.239E+00 6.938E-01 -5.663E-02 1.393E-01 5.496E-02 2.622E-02 3.020E-02 -1.771E-02 1.993E-01 1.824E+00
 1.251E+00 7.000E-01 -5.632E-02 1.394E-01 5.443E-02 2.595E-02 2.971E-02 -1.745E-02 1.970E-01 1.804E+00
 1.263E+00 7.062E-01 -5.594E-02 1.395E-01 5.388E-02 2.568E-02 2.927E-02 -1.719E-02 1.948E-01 1.777E+00
 1.276E+00 7.123E-01 -5.556E-02 1.396E-01 5.334E-02 2.541E-02 2.883E-02 -1.693E-02 1.926E-01 1.749E+00
 1.288E+00 7.182E-01 -5.519E-02 1.397E-01 5.282E-02 2.513E-02 2.841E-02 -1.668E-02 1.904E-01 1.721E+00
 1.301E+00 7.241E-01 -5.482E-02 1.398E-01 5.227E-02 2.485E-02 2.802E-02 -1.642E-02 1.882E-01 1.697E+00
 1.313E+00 7.299E-01 -5.445E-02 1.399E-01 5.172E-02 2.457E-02 2.763E-02 -1.617E-02 1.860E-01 1.672E+00
 1.325E+00 7.354E-01 -5.402E-02 1.400E-01 5.119E-02 2.430E-02 2.724E-02 -1.593E-02 1.839E-01 1.648E+00
 1.338E+00 7.409E-01 -5.357E-02 1.401E-01 5.066E-02 2.401E-02 2.685E-02 -1.569E-02 1.817E-01 1.621E+00
 1.350E+00 7.463E-01 -5.313E-02 1.403E-01 5.012E-02 2.372E-02 2.646E-02 -1.545E-02 1.795E-01 1.594E+00
 1.362E+00 7.515E-01 -5.276E-02 1.403E-01 4.957E-02 2.343E-02 2.608E-02 -1.523E-02 1.774E-01 1.574E+00
 1.375E+00 7.566E-01 -5.243E-02 1.403E-01 4.902E-02 2.314E-02 2.569E-02 -1.502E-02 1.751E-01 1.559E+00
 1.387E+00 7.618E-01 -5.211E-02 1.403E-01 4.846E-02 2.284E-02 2.531E-02 -1.482E-02 1.729E-01 1.543E+00
 1.399E+00 7.668E-01 -5.169E-02 1.404E-01 4.783E-02 2.257E-02 2.497E-02 -1.461E-02 1.707E-01 1.533E+00
 1.412E+00 7.718E-01 -5.122E-02 1.405E-01 4.714E-02 2.230E-02 2.465E-02 -1.438E-02 1.684E-01 1.523E+00
 1.424E+00 7.769E-01 -5.076E-02 1.407E-01 4.645E-02 2.203E-02 2.433E-02 -1.416E-02 1.661E-01 1.513E+00
 1.437E+00 7.818E-01 -5.034E-02 1.407E-01 4.578E-02 2.175E-02 2.402E-02 -1.394E-02 1.639E-01 1.495E+00
 1.449E+00 7.867E-01 -5.000E-02 1.407E-01 4.514E-02 2.145E-02 2.371E-02 -1.371E-02 1.616E-01 1.473E+00
 1.461E+00 7.916E-01 -4.967E-02 1.407E-01 4.449E-02 2.116E-02 2.339E-02 -1.348E-02 1.594E-01 1.451E+00
 1.474E+00 7.964E-01 -4.928E-02 1.408E-01 4.383E-02 2.086E-02 2.308E-02 -1.326E-02 1.571E-01 1.430E+00
 1.486E+00 8.010E-01 -4.878E-02 1.409E-01 4.313E-02 2.059E-02 2.277E-02 -1.305E-02 1.548E-01 1.410E+00
 1.498E+00 8.056E-01 -4.828E-02 1.411E-01 4.243E-02 2.031E-02 2.246E-02 -1.284E-02 1.525E-01 1.390E+00
 1.511E+00 8.102E-01 -4.780E-02 1.413E-01 4.173E-02 2.003E-02 2.215E-02 -1.264E-02 1.502E-01 1.370E+00
 1.523E+00 8.145E-01 -4.746E-02 1.412E-01 4.105E-02 1.974E-02 2.182E-02 -1.242E-02 1.479E-01 1.355E+00
 1.536E+00 8.188E-01 -4.711E-02 1.412E-01 4.038E-02 1.946E-02 2.148E-02 -1.221E-02 1.455E-01 1.340E+00
 1.548E+00 8.232E-01 -4.677E-02 1.411E-01 3.970E-02 1.918E-02 2.114E-02 -1.199E-02 1.432E-01 1.325E+00
 1.560E+00 8.272E-01 -4.628E-02 1.412E-01 3.910E-02 1.891E-02 2.078E-02 -1.177E-02 1.410E-01 1.314E+00
 1.573E+00 8.312E-01 -4.574E-02 1.414E-01 3.852E-02 1.863E-02 2.042E-02 -1.154E-02 1.389E-01 1.305E+00
 1.585E+00 8.351E-01 -4.519E-02 1.416E-01 3.795E-02 1.836E-02 2.007E-02 -1.130E-02 1.367E-01 1.296E+00
 1.597E+00 8.390E-01 -4.471E-02 1.417E-01 3.738E-02 1.809E-02 1.971E-02 -1.107E-02 1.346E-01 1.286E+00
 1.610E+00 8.427E-01 -4.435E-02 1.416E-01 3.683E-02 1.784E-02 1.936E-02 -1.084E-02 1.325E-01 1.270E+00
 1.622E+00 8.465E-01 -4.398E-02 1.415E-01 3.627E-02 1.759E-02 1.901E-02 -1.061E-02 1.304E-01 1.255E+00
 1.634E+00 8.502E-01 -4.361E-02 1.414E-01 3.570E-02 1.735E-02 1.865E-02 -1.038E-02 1.283E-01 1.240E+00
 1.647E+00 8.536E-01 -4.308E-02 1.414E-01 3.518E-02 1.711E-02 1.833E-02 -1.018E-02 1.264E-01 1.222E+00
 1.659E+00 8.569E-01 -4.249E-02 1.415E-01 3.465E-02 1.689E-02 1.802E-02 -9.989E-03 1.245E-01 1.203E+00
 1.672E+00 8.602E-01 -4.190E-02 1.417E-01 3.413E-02 1.667E-02 1.770E-02 -9.801E-03 1.226E-01 1.184E+00
 1.684E+00 8.634E-01 -4.136E-02 1.417E-01 3.361E-02 1.644E-02 1.740E-02 -9.616E-03 1.207E-01 1.165E+00
 1.696E+00 8.665E-01 -4.106E-02 1.415E-01 3.314E-02 1.623E-02 1.713E-02 -9.443E-03 1.190E-01 1.145E+00
 1.709E+00 8.696E-01 -4.075E-02 1.413E-01 3.268E-02 1.601E-02 1.686E-02 -9.268E-03 1.173E-01 1.125E+00
 1.721E+00 8.727E-01 -4.045E-02 1.410E-01 3.221E-02 1.579E-02 1.659E-02 -9.093E-03 1.156E-01 1.105E+00
 1.733E+00 8.756E-01 -4.003E-02 1.409E-01 3.176E-02 1.558E-02 1.635E-02 -8.931E-03 1.140E-01 1.087E+00
 1.746E+00 8.785E-01 -3.948E-02 1.410E-01 3.133E-02 1.539E-02 1.612E-02 -8.786E-03 1.125E-01 1.072E+00
 1.758E+00 8.813E-01 -3.892E-02 1.411E-01 3.089E-02 1.521E-02 1.590E-02 -8.641E-03 1.110E-01 1.057E+00
 1.771E+00 8.841E-01 -3.836E-02 1.411E-01 3.046E-02 1.502E-02 1.568E-02 -8.496E-03 1.095E-01 1.042E+00
 1.783E+00 8.868E-01 -3.802E-02 1.409E-01 3.003E-02 1.484E-02 1.545E-02 -8.352E-03 1.079E-01 1.028E+00
 1.795E+00 8.895E-01 -3.776E-02 1.406E-01 2.960E-02 1.465E-02 1.522E-02 -8.213E-03 1.064E-01 1.015E+00
 1.808E+00 8.921E-01 -3.749E-02 1.403E-01 2.917E-02 1.447E-02 1.500E-02 -8.076E-03 1.049E-01 1.002E+00
 1.820E+00 8.948E-01 -3.723E-02 1.400E-01 2.874E-02 1.429E-02 1.477E-02 -7.939E-03 1.034E-01 9.888E-01
 1.832E+00 8.973E-01 -3.673E-02 1.400E-01 2.834E-02 1.411E-02 1.459E-02 -7.801E-03 1.021E-01 9.797E-01
 1.845E+00 8.996E-01 -3.615E-02 1.400E-01 2.798E-02 1.393E-02 1.442E-02 -7.658E-03 1.008E-01 9.715E-01
 1.857E+00 9.020E-01 -3.558E-02 1.401E-01 2.761E-02 1.375E-02 1.425E-02 -7.514E-03 9.952E-02 9.631E-01
 1.869E+00 9.044E-01 -3.500E-02 1.401E-01 2.725E-02 1.357E-02 1.408E-02 -7.370E-03 9.825E-02 9.548E-01
 1.882E+00 9.068E-01 -3.476E-02 1.399E-01 2.687E-02 1.340E-02 1.391E-02 -7.234E-03 9.697E-02 9.408E-01
 1.894E+00 9.092E-01 -3.456E-02 1.395E-01 2.648E-02 1.323E-02 1.375E-02 -7.099E-03 9.568E-02 9.266E-01
 1.907E+00 9.116E-01 -3.436E-02 1.392E-01 2.610E-02 1.307E-02 1.358E-02 -6.964E-03 9.440E-02 9.126E-01
 1.919E+00 9.140E-01 -3.416E-02 1.388E-01 2.571E-02 1.290E-02 1.341E-02 -6.829E-03 9.312E-02 8.985E-01
 1.931E+00 9.163E-01 -3.368E-02 1.388E-01 2.537E-02 1.275E-02 1.321E-02 -6.709E-03 9.186E-02 8.898E-01
 1.944E+00 9.185E-01 -3.311E-02 1.389E-01 2.504E-02 1.259E-02 1.299E-02 -6.593E-03 9.061E-02 8.820E-01
 1.956E+00 9.207E-01 -3.253E-02 1.390E-01 2.471E-02 1.244E-02 1.277E-02 -6.478E-03 8.935E-02 8.740E-01
 1.968E+00 9.229E-01 -3.195E-02 1.390E-01 2.439E-02 1.229E-02 1.255E-02 -6.362E-03 8.810E-02 8.659E-01
 1.981E+00 9.251E-01 -3.163E-02 1.388E-01 2.408E-02 1.214E-02 1.235E-02 -6.245E-03 8.693E-02 8.567E-01
 1.993E+00 9.271E-01 -3.149E-02 1.384E-01 2.378E-02 1.199E-02 1.219E-02 -6.127E-03 8.584E-02 8.467E-01
 2.006E+00 9.292E-01 -3.135E-02 1.380E-01 2.348E-02 1.184E-02 1.203E-02 -6.009E-03 8.475E-02 8.365E-01
 2.018E+00 9.313E-01 -3.120E-02 1.376E-01 2.318E-02 1.170E-02 1.187E-02 -5.891E-03 8.367E-02 8.264E-01
 2.030E+00 9.333E-01 -3.091E-02 1.373E-01 2.288E-02 1.156E-02 1.171E-02 -5.768E-03 8.261E-02 8.168E-01
 2.043E+00 9.351E-01 -3.027E-02 1.374E-01 2.259E-02 1.143E-02 1.158E-02 -5.633E-03 8.159E-02 8.087E-01
 2.055E+00 9.370E-01 -2.962E-02 1.375E-01 2.229E-02 1.129E-02 1.144E-02 -5.496E-03 8.059E-02 8.014E-01
 2.067E+00 9.388E-01 -2.898E-02 1.377E-01 2.200E-02 1.116E-02 1.130E-02 -5.360E-03 7.958E-02 7.941E-01
 2.080E+00 9.406E-01 -2.833E-02 1.378E-01 2.171E-02 1.103E-02 1.116E-02 -5.223E-03 7.857E-02 7.867E-01
 2.092E+00 9.425E-01 -2.821E-02 1.373E-01 2.144E-02 1.090E-02 1.102E-02 -5.100E-03 7.762E-02 7.828E-01
 2.104E+00 9.443E-01 -2.813E-02 1.369E-01 2.118E-02 1.077E-02 1.088E-02 -4.981E-03 7.666E-02 7.789E-01
 2.117E+00 9.461E-01 -2.804E-02 1.364E-01 2.093E-02 1.064E-02 1.073E-02 -4.861E-03 7.569E-02 7.749E-01
 2.129E+00 9.479E-01 -2.795E-02 1.359E-01 2.067E-02 1.050E-02 1.058E-02 -4.742E-03 7.473E-02 7.708E-01
 2.142E+00 9.496E-01 -2.763E-02 1.357E-01 2.042E-02 1.037E-02 1.043E-02 -4.625E-03 7.379E-02 7.656E-01
 2.154E+00 9.510E-01 -2.698E-02 1.359E-01 2.019E-02 1.023E-02 1.030E-02 -4.513E-03 7.289E-02 7.588E-01
 2.166E+00 9.525E-01 -2.633E-02 1.361E-01 1.996E-02 1.010E-02 1.017E-02 -4.400E-03 7.199E-02 7.520E-01
 2.179E+00 9.539E-01 -2.568E-02 1.363E-01 1.972E-02 9.960E-03 1.004E-02 -4.287E-03 7.109E-02 7.451E-01
 2.191E+00 9.553E-01 -2.503E-02 1.365E-01 1.949E-02 9.824E-03 9.904E-03 -4.175E-03 7.020E-02 7.383E-01
 2.203E+00 9.567E-01 -2.490E-02 1.361E-01 1.924E-02 9.693E-03 9.792E-03 -4.055E-03 6.931E-02 7.295E-01
 2.216E+00 9.581E-01 -2.487E-02 1.356E-01 1.899E-02 9.564E-03 9.686E-03 -3.936E-03 6.844E-02 7.204E-01
 2.228E+00 9.594E-01 -2.484E-02 1.351E-01 1.874E-02 9.435E-03 9.582E-03 -3.817E-03 6.757E-02 7.115E-01
 2.241E+00 9.608E-01 -2.480E-02 1.346E-01 1.849E-02 9.306E-03 9.477E-03 -3.698E-03 6.670E-02 7.025E-01
 2.253E+00 9.621E-01 -2.469E-02 1.342E-01 1.824E-02 9.175E-03 9.374E-03 -3.580E-03 6.586E-02 6.940E-01
 2.265E+00 9.627E-01 -2.401E-02 1.345E-01 1.809E-02 9.034E-03 9.276E-03 -3.467E-03 6.515E-02 6.887E-01
 2.278E+00 9.634E-01 -2.332E-02 1.348E-01 1.793E-02 8.891E-03 9.181E-03 -3.356E-03 6.444E-02 6.833E-01
 2.290E+00 9.641E-01 -2.264E-02 1.351E-01 1.778E-02 8.748E-03 9.086E-03 -3.247E-03 6.374E-02 6.779E-01
 2.302E+00 9.647E-01 -2.195E-02 1.354E-01 1.762E-02 8.605E-03 8.991E-03 -3.137E-03 6.303E-02 6.724E-01
 2.315E+00 9.654E-01 -2.148E-02 1.354E-01 1.745E-02 8.467E-03 8.899E-03 -3.029E-03 6.232E-02 6.677E-01
 2.327E+00 9.662E-01 -2.155E-02 1.348E-01 1.726E-02 8.340E-03 8.812E-03 -2.926E-03 6.160E-02 6.649E-01
 2.339E+00 9.669E-01 -2.161E-02 1.343E-01 1.707E-02 8.215E-03 8.728E-03 -2.825E-03 6.087E-02 6.624E-01
 2.352E+00 9.677E-01 -2.167E-02 1.337E-01 1.687E-02 8.091E-03 8.644E-03 -2.725E-03 6.015E-02 6.599E-01
 2.364E+00 9.684E-01 -2.172E-02 1.331E-01 1.667E-02 7.966E-03 8.560E-03 -2.624E-03 5.942E-02 6.574E-01
 2.377E+00 9.689E-01 -2.151E-02 1.329E-01 1.648E-02 7.837E-03 8.485E-03 -2.522E-03 5.872E-02 6.549E-01
 2.389E+00 9.690E-01 -2.075E-02 1.332E-01 1.632E-02 7.700E-03 8.430E-03 -2.419E-03 5.807E-02 6.522E-01
 2.401E+00 9.691E-01 -1.998E-02 1.336E-01 1.614E-02 7.565E-03 8.374E-03 -2.315E-03 5.742E-02 6.491E-01
 2.414E+00 9.692E-01 -1.921E-02 1.340E-01 1.597E-02 7.430E-03 8.318E-03 -2.210E-03 5.677E-02 6.459E-01
 2.426E+00 9.693E-01 -1.845E-02 1.344E-01 1.580E-02 7.295E-03 8.262E-03 -2.106E-03 5.613E-02 6.427E-01
 2.438E+00 9.695E-01 -1.791E-02 1.345E-01 1.562E-02 7.167E-03 8.216E-03 -1.999E-03 5.550E-02 6.387E-01
 2.451E+00 9.697E-01 -1.801E-02 1.339E-01 1.543E-02 7.055E-03 8.198E-03 -1.886E-03 5.492E-02 6.323E-01
 2.463E+00 9.700E-01 -1.809E-02 1.333E-01 1.524E-02 6.944E-03 8.180E-03 -1.773E-03 5.434E-02 6.260E-01
 2.476E+00 9.702E-01 -1.817E-02 1.327E-01 1.504E-02 6.834E-03 8.163E-03 -1.659E-03 5.377E-02 6.198E-01
 2.488E+00 9.704E-01 -1.825E-02 1.321E-01 1.485E-02 6.723E-03 8.145E-03 -1.546E-03 5.319E-02 6.136E-01
 2.500E+00 9.706E-01 -1.828E-02 1.315E-01 1.466E-02 6.611E-03 8.128E-03 -1.434E-03 5.262E-02 6.078E-01
 2.513E+00 9.697E-01 -1.745E-02 1.320E-01 1.451E-02 6.483E-03 8.121E-03 -1.340E-03 5.212E-02 6.098E-01
 2.525E+00 9.687E-01 -1.662E-02 1.325E-01 1.437E-02 6.355E-03 8.115E-03 -1.246E-03 5.162E-02 6.119E-01
 2.537E+00 9.678E-01 -1.579E-02 1.330E-01 1.422E-02 6.227E-03 8.109E-03 -1.152E-03 5.112E-02 6.142E-01
 2.550E+00 9.669E-01 -1.496E-02 1.335E-01 1.408E-02 6.098E-03 8.103E-03 -1.058E-03 5.062E-02 6.165E-01
 2.562E+00 9.659E-01 -1.412E-02 1.340E-01 1.393E-02 5.970E-03 8.097E-03 -9.636E-04 5.012E-02 6.187E-01
 2.574E+00 9.652E-01 -1.403E-02 1.337E-01 1.382E-02 5.867E-03 8.105E-03 -8.578E-04 4.975E-02 6.184E-01
 2.587E+00 9.646E-01 -1.421E-02 1.330E-01 1.373E-02 5.773E-03 8.118E-03 -7.475E-04 4.943E-02 6.170E-01
 2.599E+00 9.640E-01 -1.437E-02 1.324E-01 1.363E-02 5.678E-03 8.130E-03 -6.372E-04 4.910E-02 6.153E-01
 2.612E+00 9.634E-01 -1.453E-02 1.317E-01 1.353E-02 5.583E-03 8.141E-03 -5.269E-04 4.878E-02 6.135E-01
 2.624E+00 9.628E-01 -1.469E-02 1.311E-01 1.343E-02 5.488E-03 8.152E-03 -4.165E-04 4.845E-02 6.117E-01
 2.636E+00 9.615E-01 -1.455E-02 1.308E-01 1.336E-02 5.390E-03 8.165E-03 -3.089E-04 4.818E-02 6.127E-01
 2.649E+00 9.585E-01 -1.359E-02 1.314E-01 1.339E-02 5.282E-03 8.183E-03 -2.083E-04 4.807E-02 6.214E-01
 2.661E+00 9.554E-01 -1.264E-02 1.320E-01 1.342E-02 5.174E-03 8.201E-03 -1.087E-04 4.795E-02 6.299E-01
 2.673E+00 9.524E-01 -1.169E-02 1.327E-01 1.344E-02 5.064E-03 8.219E-03 -9.383E-06 4.784E-02 6.383E-01
 2.686E+00 9.494E-01 -1.073E-02 1.333E-01 1.347E-02 4.955E-03 8.237E-03 8.992E-05 4.772E-02 6.467E-01
 2.698E+00 9.463E-01 -9.774E-03 1.340E-01 1.349E-02 4.845E-03 8.255E-03 1.892E-04 4.760E-02 6.551E-01
 2.711E+00 9.435E-01 -9.615E-03 1.337E-01 1.364E-02 4.761E-03 8.335E-03 3.199E-04 4.785E-02 6.687E-01
 2.723E+00 9.408E-01 -9.841E-03 1.330E-01 1.384E-02 4.689E-03 8.444E-03 4.658E-04 4.828E-02 6.849E-01
 2.735E+00 9.381E-01 -1.004E-02 1.322E-01 1.404E-02 4.615E-03 8.552E-03 6.118E-04 4.870E-02 7.012E-01
 2.748E+00 9.354E-01 -1.025E-02 1.315E-01 1.425E-02 4.541E-03 8.660E-03 7.578E-04 4.913E-02 7.174E-01
 2.760E+00 9.327E-01 -1.045E-02 1.308E-01 1.445E-02 4.466E-03 8.768E-03 9.038E-04 4.955E-02 7.337E-01
 2.772E+00 9.300E-01 -1.066E-02 1.300E-01 1.465E-02 4.392E-03 8.876E-03 1.050E-03 4.997E-02 7.500E-01
 2.785E+00 9.214E-01 -9.613E-03 1.306E-01 1.487E-02 4.411E-03 8.982E-03 1.171E-03 5.059E-02 7.740E-01
 2.797E+00 9.124E-01 -8.483E-03 1.313E-01 1.510E-02 4.436E-03 9.088E-03 1.290E-03 5.122E-02 7.987E-01
 2.809E+00 9.034E-01 -7.348E-03 1.320E-01 1.532E-02 4.458E-03 9.192E-03 1.408E-03 5.185E-02 8.240E-01
 2.822E+00 8.944E-01 -6.213E-03 1.327E-01 1.554E-02 4.481E-03 9.296E-03 1.525E-03 5.247E-02 8.493E-01
 2.834E+00 8.854E-01 -5.078E-03 1.334E-01 1.576E-02 4.504E-03 9.400E-03 1.643E-03 5.309E-02 8.746E-01
 2.847E+00 8.766E-01 -4.015E-03 1.340E-01 1.603E-02 4.516E-03 9.517E-03 1.770E-03 5.380E-02 9.044E-01
 2.859E+00 8.706E-01 -4.227E-03 1.333E-01 1.716E-02 4.326E-03 9.856E-03 2.068E-03 5.610E-02 1.014E+00
 2.871E+00 8.646E-01 -4.426E-03 1.326E-01 1.830E-02 4.136E-03 1.019E-02 2.364E-03 5.839E-02 1.123E+00
 2.884E+00 8.586E-01 -4.608E-03 1.319E-01 1.943E-02 3.944E-03 1.052E-02 2.658E-03 6.067E-02 1.232E+00
 2.896E+00 8.527E-01 -4.791E-03 1.311E-01 2.056E-02 3.752E-03 1.086E-02 2.953E-03 6.295E-02 1.340E+00
 2.908E+00 8.467E-01 -4.973E-03 1.304E-01 2.170E-02 3.560E-03 1.119E-02 3.248E-03 6.523E-02 1.449E+00
 2.921E+00 8.397E-01 -5.123E-03 1.298E-01 2.278E-02 3.380E-03 1.151E-02 3.535E-03 6.742E-02 1.553E+00
 2.933E+00 7.917E-01 -3.913E-03 1.306E-01 2.171E-02 3.725E-03 1.109E-02 3.480E-03 6.537E-02 1.447E+00
 2.946E+00 7.436E-01 -2.693E-03 1.313E-01 2.064E-02 4.068E-03 1.068E-02 3.426E-03 6.335E-02 1.340E+00
 2.958E+00 6.954E-01 -1.461E-03 1.321E-01 1.960E-02 4.408E-03 1.028E-02 3.376E-03 6.136E-02 1.233E+00
 2.970E+00 6.472E-01 -2.292E-04 1.329E-01 1.855E-02 4.748E-03 9.873E-03 3.325E-03 5.937E-02 1.126E+00
 2.983E+00 5.990E-01 1.003E-03 1.337E-01 1.750E-02 5.088E-03 9.469E-03 3.274E-03 5.738E-02 1.019E+00
 2.995E+00 5.508E-01 2.235E-03 1.344E-01 1.645E-02 5.428E-03 9.064E-03 3.223E-03 5.539E-02 9.126E-01
 3.007E+00 3.975E-01 1.747E-03 9.782E-02 1.192E-02 3.998E-03 6.584E-03 2.351E-03 4.028E-02 6.574E-01
 3.020E+00 2.239E-01 9.838E-04 5.510E-02 6.715E-03 2.252E-03 3.709E-03 1.324E-03 2.269E-02 3.703E-01
 3.032E+00 5.033E-02 2.211E-04 1.239E-02 1.509E-03 5.063E-04 8.336E-04 2.977E-04 5.100E-03 8.324E-02
