 1.002E+00 -7.359E-04 9.459E-05 -4.359E-01 3.709E-03 5.207E-06 2.355E-03 -4.602E-05 1.086E-02 1.379E-03
 1.010E+00 1.564E-01 -2.615E-03 -4.372E-01 4.577E-02 6.649E-04 2.082E-02 -1.669E-03 1.204E-01 1.145E-01
 1.019E+00 3.787E-01 -3.919E-03 -4.391E-01 8.077E-02 1.923E-03 3.006E-02 -4.195E-03 2.018E-01 3.181E-01
 1.027E+00 5.719E-01 -1.137E-03 -4.397E-01 9.082E-02 3.109E-03 3.636E-02 -5.422E-03 2.332E-01 5.600E-01
 1.035E+00 7.177E-01 4.983E-03 -4.384E-01 8.355E-02 4.131E-03 4.269E-02 -5.461E-03  2.333E-01 7.762E-01
 1.044E+00 8.211E-01 1.247E-02 -4.357E-01 7.082E-02 5.099E-03 4.885E-02 -4.880E-03  2.233E-01 9.579E-01
 1.052E+00 8.908E-01 1.994E-02 -4.320E-01 5.904E-02 6.115E-03 5.430E-02 -4.027E-03  2.138E-01 1.116E+00
 1.061E+00 9.364E-01 2.665E-02 -4.279E-01 5.014E-02 7.234E-03 5.869E-02 -3.147E-03  2.077E-01 1.250E+00
 1.069E+00 9.654E-01 3.237E-02 -4.237E-01 4.387E-02 8.463E-03 6.188E-02 -2.393E-03  2.044E-01 1.352E+00
 1.077E+00 9.836E-01 3.714E-02 -4.196E-01 3.956E-02 9.792E-03 6.395E-02 -1.842E-03  2.028E-01 1.421E+00
 1.086E+00 9.947E-01 4.107E-02 -4.157E-01 3.655E-02 1.118E-02 6.499E-02 -1.505E-03  2.017E-01 1.452E+00
 1.094E+00 1.002E+00 4.438E-02 -4.121E-01 3.434E-02 1.260E-02 6.523E-02 -1.357E-03  2.008E-01 1.456E+00
 1.103E+00 1.006E+00 4.720E-02 -4.086E-01 3.269E-02 1.401E-02 6.485E-02 -1.367E-03  1.997E-01 1.446E+00
 1.111E+00 1.008E+00 4.960E-02 -4.052E-01 3.146E-02 1.540E-02 6.397E-02 -1.516E-03  1.984E-01 1.430E+00
 1.120E+00 1.009E+00 5.171E-02 -4.020E-01 3.049E-02 1.674E-02 6.279E-02 -1.750E-03  1.969E-01 1.411E+00
 1.128E+00 1.009E+00 5.356E-02 -3.987E-01 2.978E-02 1.802E-02 6.137E-02 -2.056E-03  1.954E-01 1.393E+00
 1.136E+00 1.009E+00 5.523E-02 -3.955E-01 2.922E-02 1.924E-02 5.982E-02 -2.396E-03  1.938E-01 1.374E+00
 1.145E+00 1.008E+00 5.672E-02 -3.924E-01 2.881E-02 2.039E-02 5.818E-02 -2.761E-03  1.922E-01 1.356E+00
 1.153E+00 1.007E+00 5.809E-02 -3.892E-01 2.848E-02 2.147E-02 5.651E-02 -3.132E-03  1.905E-01 1.338E+00
 1.162E+00 1.006E+00 5.935E-02 -3.860E-01 2.821E-02 2.248E-02 5.485E-02 -3.503E-03  1.889E-01 1.322E+00
 1.170E+00 1.004E+00 6.050E-02 -3.828E-01 2.801E-02 2.342E-02 5.323E-02 -3.871E-03  1.873E-01 1.305E+00
 1.179E+00 1.003E+00 6.157E-02 -3.795E-01 2.785E-02 2.431E-02 5.167E-02 -4.234E-03  1.858E-01 1.290E+00
 1.187E+00 1.002E+00 6.257E-02 -3.763E-01 2.773E-02 2.513E-02 5.015E-02 -4.591E-03  1.844E-01 1.276E+00
 1.195E+00 1.000E+00 6.348E-02 -3.730E-01 2.764E-02 2.590E-02 4.868E-02 -4.936E-03  1.830E-01 1.264E+00
 1.204E+00 9.991E-01 6.432E-02 -3.697E-01 2.758E-02 2.661E-02 4.727E-02 -5.269E-03  1.816E-01 1.254E+00
 1.212E+00 9.978E-01 6.511E-02 -3.664E-01 2.754E-02 2.727E-02 4.592E-02 -5.588E-03  1.803E-01 1.247E+00
 1.221E+00 9.965E-01 6.583E-02 -3.631E-01 2.751E-02 2.788E-02 4.462E-02 -5.894E-03  1.790E-01 1.240E+00
 1.229E+00 9.952E-01 6.650E-02 -3.598E-01 2.749E-02 2.844E-02 4.339E-02 -6.188E-03  1.778E-01 1.231E+00
 1.238E+00 9.940E-01 6.711E-02 -3.565E-01 2.748E-02 2.896E-02 4.221E-02 -6.472E-03  1.766E-01 1.221E+00
 1.246E+00 9.928E-01 6.767E-02 -3.531E-01 2.747E-02 2.943E-02 4.110E-02 -6.749E-03  1.754E-01 1.211E+00
 1.254E+00 9.917E-01 6.817E-02 -3.498E-01 2.748E-02 2.985E-02 4.006E-02 -7.019E-03  1.743E-01 1.203E+00
 1.263E+00 9.906E-01 6.861E-02 -3.465E-01 2.751E-02 3.024E-02 3.910E-02 -7.282E-03  1.733E-01 1.196E+00
 1.271E+00 9.896E-01 6.901E-02 -3.432E-01 2.755E-02 3.059E-02 3.819E-02 -7.537E-03  1.724E-01 1.192E+00
 1.280E+00 9.886E-01 6.935E-02 -3.398E-01 2.762E-02 3.089E-02 3.735E-02 -7.786E-03  1.716E-01 1.190E+00
 1.288E+00 9.877E-01 6.965E-02 -3.365E-01 2.769E-02 3.117E-02 3.657E-02 -8.024E-03  1.708E-01 1.190E+00
 1.297E+00 9.869E-01 6.990E-02 -3.332E-01 2.778E-02 3.140E-02 3.585E-02 -8.252E-03  1.701E-01 1.190E+00
 1.305E+00 9.861E-01 7.012E-02 -3.299E-01 2.787E-02 3.161E-02 3.517E-02 -8.469E-03  1.694E-01 1.190E+00
 1.313E+00 9.854E-01 7.030E-02 -3.266E-01 2.796E-02 3.179E-02 3.454E-02 -8.675E-03  1.688E-01 1.188E+00
 1.322E+00 9.848E-01 7.045E-02 -3.233E-01 2.805E-02 3.194E-02 3.396E-02 -8.871E-03  1.682E-01 1.184E+00
 1.330E+00 9.842E-01 7.056E-02 -3.200E-01 2.813E-02 3.207E-02 3.341E-02 -9.060E-03  1.676E-01 1.179E+00
 1.339E+00 9.837E-01 7.068E-02 -3.168E-01 2.822E-02 3.218E-02 3.291E-02 -9.238E-03  1.670E-01 1.175E+00
 1.347E+00 9.832E-01 7.074E-02 -3.136E-01 2.829E-02 3.226E-02 3.244E-02 -9.406E-03  1.664E-01 1.172E+00
 1.355E+00 9.828E-01 7.077E-02 -3.103E-01 2.836E-02 3.233E-02 3.200E-02 -9.565E-03  1.659E-01 1.168E+00
 1.364E+00 9.824E-01 7.078E-02 -3.071E-01 2.843E-02 3.237E-02 3.158E-02 -9.716E-03  1.654E-01 1.162E+00
 1.372E+00 9.820E-01 7.076E-02 -3.040E-01 2.850E-02 3.240E-02 3.119E-02 -9.860E-03  1.648E-01 1.153E+00
 1.381E+00 9.817E-01 7.074E-02 -3.009E-01 2.858E-02 3.240E-02 3.082E-02 -1.000E-02  1.643E-01 1.141E+00
 1.389E+00 9.814E-01 7.067E-02 -2.978E-01 2.866E-02 3.239E-02 3.047E-02 -1.014E-02  1.638E-01 1.131E+00
 1.398E+00 9.812E-01 7.057E-02 -2.947E-01 2.874E-02 3.235E-02 3.014E-02 -1.027E-02  1.633E-01 1.124E+00
 1.406E+00 9.810E-01 7.045E-02 -2.916E-01 2.882E-02 3.230E-02 2.981E-02 -1.040E-02  1.628E-01 1.120E+00
 1.414E+00 9.808E-01 7.034E-02 -2.886E-01 2.890E-02 3.223E-02 2.951E-02 -1.052E-02  1.622E-01 1.120E+00
 1.423E+00 9.808E-01 7.014E-02 -2.855E-01 2.897E-02 3.215E-02 2.923E-02 -1.063E-02  1.617E-01 1.119E+00
 1.431E+00 9.808E-01 6.991E-02 -2.824E-01 2.903E-02 3.205E-02 2.898E-02 -1.074E-02  1.612E-01 1.118E+00
 1.440E+00 9.807E-01 6.974E-02 -2.794E-01 2.912E-02 3.194E-02 2.875E-02 -1.084E-02 1.607E-01 1.117E+00
 1.448E+00 9.807E-01 6.954E-02 -2.765E-01 2.920E-02 3.181E-02 2.853E-02 -1.094E-02 1.603E-01 1.113E+00
 1.457E+00 9.806E-01 6.930E-02 -2.735E-01 2.927E-02 3.167E-02 2.832E-02 -1.103E-02 1.598E-01 1.110E+00
 1.465E+00 9.806E-01 6.907E-02 -2.706E-01 2.934E-02 3.152E-02 2.812E-02 -1.111E-02 1.593E-01 1.107E+00
 1.473E+00 9.806E-01 6.883E-02 -2.678E-01 2.941E-02 3.135E-02 2.793E-02 -1.119E-02 1.588E-01 1.101E+00
 1.482E+00 9.807E-01 6.855E-02 -2.649E-01 2.948E-02 3.118E-02 2.775E-02 -1.127E-02 1.583E-01 1.092E+00
 1.490E+00 9.807E-01 6.829E-02 -2.621E-01 2.955E-02 3.100E-02 2.759E-02 -1.134E-02 1.578E-01 1.082E+00
 1.499E+00 9.809E-01 6.800E-02 -2.593E-01 2.959E-02 3.081E-02 2.744E-02 -1.140E-02 1.572E-01 1.073E+00
 1.507E+00 9.811E-01 6.768E-02 -2.565E-01 2.963E-02 3.062E-02 2.730E-02 -1.146E-02 1.567E-01 1.067E+00
 1.516E+00 9.813E-01 6.740E-02 -2.537E-01 2.966E-02 3.042E-02 2.715E-02 -1.151E-02 1.561E-01 1.065E+00
 1.524E+00 9.816E-01 6.707E-02 -2.510E-01 2.969E-02 3.021E-02 2.701E-02 -1.156E-02 1.556E-01 1.063E+00
 1.532E+00 9.820E-01 6.675E-02 -2.483E-01 2.971E-02 3.000E-02 2.687E-02 -1.160E-02 1.550E-01 1.061E+00
 1.541E+00 9.823E-01 6.643E-02 -2.456E-01 2.973E-02 2.978E-02 2.673E-02 -1.164E-02 1.544E-01 1.056E+00
 1.549E+00 9.827E-01 6.607E-02 -2.430E-01 2.975E-02 2.956E-02 2.658E-02 -1.167E-02 1.537E-01 1.052E+00
 1.558E+00 9.832E-01 6.575E-02 -2.404E-01 2.975E-02 2.933E-02 2.644E-02 -1.170E-02 1.531E-01 1.047E+00
 1.566E+00 9.837E-01 6.538E-02 -2.378E-01 2.976E-02 2.909E-02 2.628E-02 -1.173E-02 1.524E-01 1.043E+00
 1.574E+00 9.843E-01 6.505E-02 -2.352E-01 2.977E-02 2.886E-02 2.611E-02 -1.175E-02 1.517E-01 1.040E+00
 1.583E+00 9.849E-01 6.468E-02 -2.327E-01 2.978E-02 2.862E-02 2.592E-02 -1.176E-02 1.509E-01 1.036E+00
 1.591E+00 9.855E-01 6.432E-02 -2.302E-01 2.980E-02 2.838E-02 2.572E-02 -1.177E-02 1.502E-01 1.032E+00
 1.600E+00 9.862E-01 6.396E-02 -2.277E-01 2.983E-02 2.814E-02 2.553E-02 -1.178E-02 1.494E-01 1.028E+00
 1.608E+00 9.869E-01 6.358E-02 -2.252E-01 2.984E-02 2.789E-02 2.533E-02 -1.179E-02 1.487E-01 1.024E+00
 1.617E+00 9.877E-01 6.321E-02 -2.228E-01 2.985E-02 2.764E-02 2.515E-02 -1.181E-02 1.479E-01 1.021E+00
 1.625E+00 9.884E-01 6.281E-02 -2.203E-01 2.984E-02 2.740E-02 2.497E-02 -1.181E-02 1.471E-01 1.016E+00
 1.633E+00 9.892E-01 6.245E-02 -2.180E-01 2.982E-02 2.715E-02 2.479E-02 -1.182E-02 1.463E-01 1.013E+00
 1.642E+00 9.900E-01 6.205E-02 -2.156E-01 2.980E-02 2.691E-02 2.461E-02 -1.182E-02 1.455E-01 1.011E+00
 1.650E+00 9.908E-01 6.169E-02 -2.133E-01 2.976E-02 2.667E-02 2.441E-02 -1.182E-02 1.447E-01 1.010E+00
 1.659E+00 9.916E-01 6.127E-02 -2.110E-01 2.973E-02 2.643E-02 2.421E-02 -1.181E-02 1.438E-01 1.010E+00
 1.667E+00 9.925E-01 6.091E-02 -2.087E-01 2.968E-02 2.619E-02 2.399E-02 -1.180E-02 1.429E-01 1.012E+00
 1.676E+00 9.934E-01 6.050E-02 -2.065E-01 2.965E-02 2.595E-02 2.377E-02 -1.179E-02 1.421E-01 1.012E+00
 1.684E+00 9.943E-01 6.012E-02 -2.043E-01 2.960E-02 2.572E-02 2.354E-02 -1.176E-02 1.411E-01 1.011E+00
 1.692E+00 9.952E-01 5.971E-02 -2.021E-01 2.956E-02 2.548E-02 2.331E-02 -1.173E-02 1.402E-01 1.007E+00
 1.701E+00 9.962E-01 5.934E-02 -2.000E-01 2.952E-02 2.525E-02 2.307E-02 -1.170E-02 1.393E-01 1.000E+00
 1.709E+00 9.971E-01 5.894E-02 -1.979E-01 2.948E-02 2.501E-02 2.284E-02 -1.166E-02 1.384E-01 9.928E-01
 1.718E+00 9.981E-01 5.855E-02 -1.958E-01 2.945E-02 2.477E-02 2.261E-02 -1.161E-02 1.375E-01 9.850E-01
 1.726E+00 9.991E-01 5.814E-02 -1.937E-01 2.941E-02 2.454E-02 2.238E-02 -1.157E-02 1.366E-01 9.773E-01
 1.735E+00 1.000E+00 5.774E-02 -1.917E-01 2.936E-02 2.430E-02 2.215E-02 -1.151E-02 1.357E-01 9.710E-01
 1.743E+00 1.001E+00 5.735E-02 -1.897E-01 2.930E-02 2.406E-02 2.193E-02 -1.146E-02 1.348E-01 9.647E-01
 1.751E+00 1.002E+00 5.694E-02 -1.877E-01 2.923E-02 2.383E-02 2.173E-02 -1.140E-02 1.339E-01 9.565E-01
 1.760E+00 1.003E+00 5.655E-02 -1.857E-01 2.915E-02 2.360E-02 2.153E-02 -1.134E-02 1.330E-01 9.484E-01
 1.768E+00 1.004E+00 5.612E-02 -1.837E-01 2.906E-02 2.337E-02 2.134E-02 -1.128E-02 1.320E-01 9.404E-01
 1.777E+00 1.005E+00 5.574E-02 -1.818E-01 2.897E-02 2.314E-02 2.117E-02 -1.122E-02 1.312E-01 9.325E-01
 1.785E+00 1.006E+00 5.533E-02 -1.799E-01 2.888E-02 2.291E-02 2.099E-02 -1.115E-02 1.303E-01 9.263E-01
 1.793E+00 1.007E+00 5.494E-02 -1.780E-01 2.877E-02 2.268E-02 2.080E-02 -1.108E-02 1.293E-01 9.225E-01
 1.802E+00 1.008E+00 5.454E-02 -1.762E-01 2.866E-02 2.245E-02 2.062E-02 -1.101E-02 1.284E-01 9.205E-01
 1.810E+00 1.009E+00 5.414E-02 -1.743E-01 2.855E-02 2.223E-02 2.043E-02 -1.093E-02 1.274E-01 9.204E-01
 1.819E+00 1.010E+00 5.379E-02 -1.725E-01 2.842E-02 2.200E-02 2.024E-02 -1.084E-02 1.265E-01 9.188E-01
 1.827E+00 1.012E+00 5.339E-02 -1.706E-01 2.829E-02 2.179E-02 2.007E-02 -1.075E-02 1.255E-01 9.160E-01
 1.836E+00 1.013E+00 5.302E-02 -1.689E-01 2.815E-02 2.157E-02 1.991E-02 -1.066E-02 1.246E-01 9.123E-01
 1.844E+00 1.014E+00 5.262E-02 -1.671E-01 2.801E-02 2.136E-02 1.975E-02 -1.057E-02 1.237E-01 9.068E-01
 1.852E+00 1.015E+00 5.226E-02 -1.653E-01 2.785E-02 2.116E-02 1.960E-02 -1.047E-02 1.228E-01 9.011E-01
 1.861E+00 1.016E+00 5.193E-02 -1.636E-01 2.769E-02 2.095E-02 1.945E-02 -1.037E-02 1.219E-01 8.962E-01
 1.869E+00 1.018E+00 5.154E-02 -1.619E-01 2.754E-02 2.074E-02 1.929E-02 -1.027E-02 1.210E-01 8.901E-01
 1.878E+00 1.019E+00 5.116E-02 -1.602E-01 2.739E-02 2.054E-02 1.915E-02 -1.017E-02 1.201E-01 8.822E-01
 1.886E+00 1.020E+00 5.075E-02 -1.585E-01 2.725E-02 2.033E-02 1.900E-02 -1.008E-02 1.192E-01 8.756E-01
 1.895E+00 1.021E+00 5.037E-02 -1.569E-01 2.711E-02 2.012E-02 1.884E-02 -9.979E-03 1.183E-01 8.707E-01
 1.903E+00 1.022E+00 5.002E-02 -1.552E-01 2.696E-02 1.992E-02 1.868E-02 -9.882E-03 1.173E-01 8.660E-01
 1.911E+00 1.024E+00 4.964E-02 -1.536E-01 2.682E-02 1.972E-02 1.852E-02 -9.778E-03 1.164E-01 8.632E-01
 1.920E+00 1.025E+00 4.925E-02 -1.520E-01 2.666E-02 1.953E-02 1.835E-02 -9.676E-03 1.155E-01 8.575E-01
 1.928E+00 1.026E+00 4.886E-02 -1.504E-01 2.650E-02 1.933E-02 1.817E-02 -9.572E-03 1.146E-01 8.516E-01
 1.937E+00 1.027E+00 4.848E-02 -1.489E-01 2.634E-02 1.915E-02 1.799E-02 -9.473E-03 1.136E-01 8.455E-01
 1.945E+00 1.028E+00 4.821E-02 -1.474E-01 2.620E-02 1.898E-02 1.780E-02 -9.388E-03 1.127E-01 8.403E-01
 1.954E+00 1.029E+00 4.792E-02 -1.459E-01 2.606E-02 1.881E-02 1.761E-02 -9.304E-03 1.118E-01 8.343E-01
 1.962E+00 1.031E+00 4.758E-02 -1.444E-01 2.588E-02 1.864E-02 1.743E-02 -9.209E-03 1.109E-01 8.273E-01
 1.970E+00 1.032E+00 4.720E-02 -1.430E-01 2.570E-02 1.846E-02 1.725E-02 -9.105E-03 1.099E-01 8.200E-01
 1.979E+00 1.033E+00 4.679E-02 -1.415E-01 2.551E-02 1.829E-02 1.707E-02 -9.000E-03 1.089E-01 8.131E-01
 1.987E+00 1.034E+00 4.646E-02 -1.401E-01 2.533E-02 1.812E-02 1.690E-02 -8.892E-03 1.080E-01 8.075E-01
 1.996E+00 1.036E+00 4.615E-02 -1.386E-01 2.516E-02 1.795E-02 1.673E-02 -8.783E-03 1.071E-01 8.022E-01
 2.004E+00 1.037E+00 4.579E-02 -1.372E-01 2.499E-02 1.777E-02 1.656E-02 -8.678E-03 1.062E-01 7.992E-01
 2.012E+00 1.038E+00 4.540E-02 -1.358E-01 2.482E-02 1.759E-02 1.641E-02 -8.575E-03 1.053E-01 7.942E-01
 2.021E+00 1.039E+00 4.500E-02 -1.344E-01 2.464E-02 1.742E-02 1.626E-02 -8.472E-03 1.044E-01 7.893E-01
 2.029E+00 1.040E+00 4.457E-02 -1.331E-01 2.446E-02 1.724E-02 1.612E-02 -8.370E-03 1.035E-01 7.863E-01
 2.038E+00 1.041E+00 4.426E-02 -1.317E-01 2.428E-02 1.706E-02 1.599E-02 -8.265E-03 1.026E-01 7.832E-01
 2.046E+00 1.042E+00 4.394E-02 -1.303E-01 2.410E-02 1.689E-02 1.585E-02 -8.161E-03 1.017E-01 7.800E-01
 2.055E+00 1.043E+00 4.360E-02 -1.289E-01 2.390E-02 1.671E-02 1.572E-02 -8.058E-03 1.008E-01 7.765E-01
 2.063E+00 1.045E+00 4.319E-02 -1.276E-01 2.370E-02 1.653E-02 1.559E-02 -7.959E-03 9.991E-02 7.740E-01
 2.071E+00 1.046E+00 4.278E-02 -1.263E-01 2.349E-02 1.636E-02 1.546E-02 -7.860E-03 9.899E-02 7.712E-01
 2.080E+00 1.047E+00 4.235E-02 -1.251E-01 2.327E-02 1.618E-02 1.532E-02 -7.763E-03 9.803E-02 7.677E-01
 2.088E+00 1.048E+00 4.207E-02 -1.237E-01 2.305E-02 1.601E-02 1.518E-02 -7.658E-03 9.707E-02 7.637E-01
 2.097E+00 1.049E+00 4.178E-02 -1.224E-01 2.283E-02 1.584E-02 1.503E-02 -7.553E-03 9.611E-02 7.601E-01
 2.105E+00 1.050E+00 4.147E-02 -1.211E-01 2.262E-02 1.568E-02 1.489E-02 -7.445E-03 9.517E-02 7.586E-01
 2.114E+00 1.051E+00 4.106E-02 -1.199E-01 2.242E-02 1.551E-02 1.475E-02 -7.338E-03 9.427E-02 7.541E-01
 2.122E+00 1.052E+00 4.065E-02 -1.187E-01 2.222E-02 1.534E-02 1.461E-02 -7.232E-03 9.338E-02 7.493E-01
 2.130E+00 1.053E+00 4.020E-02 -1.175E-01 2.203E-02 1.517E-02 1.448E-02 -7.125E-03 9.250E-02 7.424E-01
 2.139E+00 1.053E+00 3.989E-02 -1.163E-01 2.184E-02 1.501E-02 1.434E-02 -7.018E-03 9.161E-02 7.356E-01
 2.147E+00 1.054E+00 3.962E-02 -1.150E-01 2.164E-02 1.484E-02 1.421E-02 -6.910E-03 9.073E-02 7.287E-01
 2.156E+00 1.055E+00 3.932E-02 -1.138E-01 2.145E-02 1.467E-02 1.407E-02 -6.805E-03 8.984E-02 7.213E-01
 2.164E+00 1.056E+00 3.894E-02 -1.126E-01 2.125E-02 1.450E-02 1.394E-02 -6.703E-03 8.895E-02 7.117E-01
 2.173E+00 1.057E+00 3.850E-02 -1.115E-01 2.106E-02 1.434E-02 1.380E-02 -6.604E-03 8.806E-02 7.005E-01
 2.181E+00 1.057E+00 3.804E-02 -1.104E-01 2.085E-02 1.418E-02 1.366E-02 -6.504E-03 8.716E-02 6.902E-01
 2.189E+00 1.058E+00 3.764E-02 -1.093E-01 2.064E-02 1.402E-02 1.353E-02 -6.401E-03 8.625E-02 6.815E-01
 2.198E+00 1.059E+00 3.739E-02 -1.081E-01 2.042E-02 1.387E-02 1.340E-02 -6.293E-03 8.536E-02 6.748E-01
 2.206E+00 1.060E+00 3.713E-02 -1.070E-01 2.020E-02 1.371E-02 1.328E-02 -6.184E-03 8.446E-02 6.681E-01
 2.215E+00 1.061E+00 3.686E-02 -1.058E-01 1.998E-02 1.356E-02 1.315E-02 -6.073E-03 8.357E-02 6.616E-01
 2.223E+00 1.061E+00 3.643E-02 -1.048E-01 1.977E-02 1.341E-02 1.304E-02 -5.971E-03 8.271E-02 6.587E-01
 2.231E+00 1.062E+00 3.598E-02 -1.038E-01 1.956E-02 1.325E-02 1.292E-02 -5.869E-03 8.186E-02 6.561E-01
 2.240E+00 1.063E+00 3.551E-02 -1.028E-01 1.935E-02 1.310E-02 1.281E-02 -5.766E-03 8.101E-02 6.549E-01
 2.248E+00 1.064E+00 3.515E-02 -1.017E-01 1.915E-02 1.295E-02 1.268E-02 -5.661E-03 8.016E-02 6.528E-01
 2.257E+00 1.064E+00 3.491E-02 -1.006E-01 1.896E-02 1.281E-02 1.254E-02 -5.555E-03 7.931E-02 6.496E-01
 2.265E+00 1.065E+00 3.466E-02 -9.950E-02 1.877E-02 1.266E-02 1.241E-02 -5.449E-03 7.846E-02 6.466E-01
 2.274E+00 1.066E+00 3.439E-02 -9.840E-02 1.859E-02 1.251E-02 1.227E-02 -5.345E-03 7.761E-02 6.441E-01
 2.282E+00 1.066E+00 3.392E-02 -9.749E-02 1.842E-02 1.237E-02 1.214E-02 -5.251E-03 7.683E-02 6.385E-01
 2.290E+00 1.067E+00 3.343E-02 -9.658E-02 1.825E-02 1.223E-02 1.201E-02 -5.157E-03 7.605E-02 6.328E-01
 2.299E+00 1.067E+00 3.292E-02 -9.568E-02 1.808E-02 1.208E-02 1.189E-02 -5.064E-03 7.528E-02 6.265E-01
 2.307E+00 1.068E+00 3.251E-02 -9.473E-02 1.791E-02 1.194E-02 1.177E-02 -4.967E-03 7.450E-02 6.206E-01
 2.316E+00 1.068E+00 3.229E-02 -9.369E-02 1.774E-02 1.180E-02 1.165E-02 -4.865E-03 7.372E-02 6.154E-01
 2.324E+00 1.069E+00 3.206E-02 -9.265E-02 1.756E-02 1.166E-02 1.154E-02 -4.762E-03 7.294E-02 6.101E-01
 2.333E+00 1.069E+00 3.182E-02 -9.162E-02 1.738E-02 1.152E-02 1.142E-02 -4.657E-03 7.218E-02 6.045E-01
 2.341E+00 1.069E+00 3.139E-02 -9.074E-02 1.720E-02 1.139E-02 1.133E-02 -4.557E-03 7.144E-02 6.011E-01
 2.349E+00 1.070E+00 3.090E-02 -8.992E-02 1.702E-02 1.126E-02 1.124E-02 -4.459E-03 7.073E-02 5.985E-01
 2.358E+00 1.070E+00 3.038E-02 -8.910E-02 1.683E-02 1.113E-02 1.116E-02 -4.361E-03 7.001E-02 5.962E-01
 2.366E+00 1.070E+00 2.986E-02 -8.829E-02 1.665E-02 1.100E-02 1.108E-02 -4.263E-03 6.930E-02 5.939E-01
 2.375E+00 1.071E+00 2.967E-02 -8.731E-02 1.645E-02 1.086E-02 1.102E-02 -4.150E-03 6.859E-02 5.915E-01
 2.383E+00 1.071E+00 2.949E-02 -8.632E-02 1.625E-02 1.072E-02 1.096E-02 -4.036E-03 6.788E-02 5.890E-01
 2.392E+00 1.072E+00 2.929E-02 -8.534E-02 1.605E-02 1.057E-02 1.090E-02 -3.924E-03 6.717E-02 5.864E-01
 2.400E+00 1.072E+00 2.904E-02 -8.439E-02 1.586E-02 1.043E-02 1.085E-02 -3.814E-03 6.646E-02 5.837E-01
 2.408E+00 1.072E+00 2.850E-02 -8.364E-02 1.567E-02 1.030E-02 1.078E-02 -3.717E-03 6.577E-02 5.800E-01
 2.417E+00 1.072E+00 2.797E-02 -8.288E-02 1.549E-02 1.016E-02 1.071E-02 -3.621E-03 6.508E-02 5.763E-01
 2.425E+00 1.072E+00 2.740E-02 -8.214E-02 1.531E-02 1.002E-02 1.064E-02 -3.523E-03 6.437E-02 5.719E-01
 2.434E+00 1.072E+00 2.695E-02 -8.134E-02 1.513E-02 9.884E-03 1.056E-02 -3.421E-03 6.367E-02 5.678E-01
 2.442E+00 1.072E+00 2.679E-02 -8.040E-02 1.495E-02 9.740E-03 1.047E-02 -3.309E-03 6.294E-02 5.645E-01
 2.450E+00 1.072E+00 2.663E-02 -7.945E-02 1.477E-02 9.597E-03 1.039E-02 -3.197E-03 6.221E-02 5.612E-01
 2.459E+00 1.072E+00 2.647E-02 -7.851E-02 1.459E-02 9.456E-03 1.030E-02 -3.083E-03 6.148E-02 5.570E-01
 2.467E+00 1.073E+00 2.618E-02 -7.765E-02 1.441E-02 9.319E-03 1.023E-02 -2.972E-03 6.076E-02 5.536E-01
 2.476E+00 1.072E+00 2.563E-02 -7.697E-02 1.422E-02 9.191E-03 1.016E-02 -2.870E-03 6.009E-02 5.522E-01
 2.484E+00 1.072E+00 2.508E-02 -7.629E-02 1.404E-02 9.063E-03 1.010E-02 -2.768E-03 5.942E-02 5.508E-01
 2.493E+00 1.072E+00 2.450E-02 -7.562E-02 1.386E-02 8.935E-03 1.003E-02 -2.667E-03 5.875E-02 5.499E-01
 2.501E+00 1.072E+00 2.403E-02 -7.491E-02 1.369E-02 8.805E-03 9.967E-03 -2.562E-03 5.810E-02 5.484E-01
 2.509E+00 1.072E+00 2.391E-02 -7.404E-02 1.355E-02 8.670E-03 9.893E-03 -2.445E-03 5.748E-02 5.450E-01
 2.518E+00 1.072E+00 2.378E-02 -7.317E-02 1.341E-02 8.535E-03 9.820E-03 -2.328E-03 5.685E-02 5.416E-01
 2.526E+00 1.072E+00 2.364E-02 -7.231E-02 1.327E-02 8.399E-03 9.745E-03 -2.212E-03 5.623E-02 5.380E-01
 2.535E+00 1.071E+00 2.346E-02 -7.147E-02 1.314E-02 8.263E-03 9.670E-03 -2.098E-03 5.561E-02 5.344E-01
 2.543E+00 1.071E+00 2.287E-02 -7.088E-02 1.301E-02 8.144E-03 9.603E-03 -1.996E-03 5.505E-02 5.305E-01
 2.552E+00 1.070E+00 2.227E-02 -7.030E-02 1.289E-02 8.024E-03 9.536E-03 -1.894E-03 5.449E-02 5.266E-01
 2.560E+00 1.070E+00 2.165E-02 -6.972E-02 1.276E-02 7.905E-03 9.469E-03 -1.793E-03 5.394E-02 5.235E-01
 2.568E+00 1.069E+00 2.103E-02 -6.915E-02 1.264E-02 7.786E-03 9.402E-03 -1.692E-03 5.338E-02 5.207E-01
 2.577E+00 1.069E+00 2.085E-02 -6.839E-02 1.254E-02 7.661E-03 9.346E-03 -1.581E-03 5.289E-02 5.178E-01
 2.585E+00 1.068E+00 2.074E-02 -6.760E-02 1.245E-02 7.536E-03 9.291E-03 -1.469E-03 5.241E-02 5.149E-01
 2.594E+00 1.068E+00 2.063E-02 -6.681E-02 1.236E-02 7.411E-03 9.237E-03 -1.356E-03 5.193E-02 5.123E-01
 2.602E+00 1.067E+00 2.052E-02 -6.602E-02 1.228E-02 7.287E-03 9.184E-03 -1.243E-03 5.145E-02 5.102E-01
 2.611E+00 1.066E+00 2.012E-02 -6.540E-02 1.219E-02 7.173E-03 9.148E-03 -1.139E-03 5.103E-02 5.085E-01
 2.619E+00 1.065E+00 1.948E-02 -6.491E-02 1.211E-02 7.067E-03 9.125E-03 -1.041E-03 5.066E-02 5.073E-01
 2.627E+00 1.064E+00 1.885E-02 -6.442E-02 1.203E-02 6.962E-03 9.103E-03 -9.429E-04 5.029E-02 5.059E-01
 2.636E+00 1.063E+00 1.818E-02 -6.395E-02 1.195E-02 6.858E-03 9.081E-03 -8.462E-04 4.992E-02 5.040E-01
 2.644E+00 1.062E+00 1.759E-02 -6.345E-02 1.188E-02 6.753E-03 9.057E-03 -7.486E-04 4.956E-02 5.024E-01
 2.653E+00 1.061E+00 1.750E-02 -6.275E-02 1.182E-02 6.640E-03 9.023E-03 -6.446E-04 4.919E-02 5.033E-01
 2.661E+00 1.059E+00 1.740E-02 -6.205E-02 1.176E-02 6.527E-03 8.989E-03 -5.405E-04 4.882E-02 5.042E-01
 2.669E+00 1.058E+00 1.731E-02 -6.134E-02 1.170E-02 6.414E-03 8.956E-03 -4.363E-04 4.845E-02 5.052E-01
 2.678E+00 1.057E+00 1.721E-02 -6.064E-02 1.165E-02 6.301E-03 8.922E-03 -3.321E-04 4.809E-02 5.062E-01
 2.686E+00 1.055E+00 1.675E-02 -6.012E-02 1.161E-02 6.197E-03 8.914E-03 -2.377E-04 4.783E-02 5.082E-01
 2.695E+00 1.053E+00 1.607E-02 -5.972E-02 1.159E-02 6.098E-03 8.920E-03 -1.490E-04 4.763E-02 5.107E-01
 2.703E+00 1.052E+00 1.539E-02 -5.932E-02 1.157E-02 5.999E-03 8.926E-03 -6.040E-05 4.742E-02 5.132E-01
 2.712E+00 1.050E+00 1.468E-02 -5.894E-02 1.155E-02 5.901E-03 8.932E-03 2.762E-05 4.723E-02 5.163E-01
 2.720E+00 1.048E+00 1.400E-02 -5.854E-02 1.153E-02 5.803E-03 8.939E-03 1.159E-04 4.703E-02 5.194E-01
 2.728E+00 1.046E+00 1.393E-02 -5.793E-02 1.156E-02 5.701E-03 8.936E-03 2.091E-04 4.688E-02 5.220E-01
 2.737E+00 1.043E+00 1.385E-02 -5.732E-02 1.158E-02 5.598E-03 8.934E-03 3.023E-04 4.673E-02 5.246E-01
 2.745E+00 1.041E+00 1.378E-02 -5.671E-02 1.160E-02 5.497E-03 8.931E-03 3.958E-04 4.658E-02 5.271E-01
 2.754E+00 1.039E+00 1.371E-02 -5.610E-02 1.162E-02 5.396E-03 8.928E-03 4.895E-04 4.644E-02 5.296E-01
 2.762E+00 1.036E+00 1.341E-02 -5.559E-02 1.166E-02 5.304E-03 8.936E-03 5.795E-04 4.636E-02 5.320E-01
 2.771E+00 1.033E+00 1.270E-02 -5.528E-02 1.174E-02 5.224E-03 8.963E-03 6.627E-04 4.641E-02 5.343E-01
 2.779E+00 1.030E+00 1.199E-02 -5.496E-02 1.182E-02 5.145E-03 8.990E-03 7.460E-04 4.645E-02 5.365E-01
 2.787E+00 1.028E+00 1.125E-02 -5.467E-02 1.190E-02 5.068E-03 9.018E-03 8.291E-04 4.651E-02 5.390E-01
 2.796E+00 1.025E+00 1.050E-02 -5.438E-02 1.198E-02 4.991E-03 9.046E-03 9.123E-04 4.656E-02 5.415E-01
 2.804E+00 1.021E+00 1.014E-02 -5.397E-02 1.205E-02 4.910E-03 9.074E-03 9.906E-04 4.660E-02 5.465E-01
 2.813E+00 1.018E+00 1.007E-02 -5.346E-02 1.212E-02 4.825E-03 9.103E-03 1.065E-03 4.663E-02 5.534E-01
 2.821E+00 1.014E+00 1.000E-02 -5.295E-02 1.220E-02 4.741E-03 9.131E-03 1.140E-03 4.666E-02 5.602E-01
 2.830E+00 1.010E+00 9.940E-03 -5.243E-02 1.227E-02 4.660E-03 9.163E-03 1.217E-03 4.670E-02 5.676E-01
 2.838E+00 1.007E+00 9.880E-03 -5.190E-02 1.234E-02 4.578E-03 9.195E-03 1.293E-03 4.674E-02 5.750E-01
 2.846E+00 1.003E+00 9.340E-03 -5.155E-02 1.249E-02 4.498E-03 9.293E-03 1.368E-03 4.703E-02 5.844E-01
 2.855E+00 9.988E-01 8.582E-03 -5.127E-02 1.267E-02 4.418E-03 9.419E-03 1.442E-03 4.745E-02 5.947E-01
 2.863E+00 9.949E-01 7.818E-03 -5.100E-02 1.286E-02 4.339E-03 9.546E-03 1.516E-03 4.787E-02 6.052E-01
 2.872E+00 9.910E-01 7.011E-03 -5.076E-02 1.305E-02 4.263E-03 9.676E-03 1.591E-03 4.830E-02 6.166E-01
 2.880E+00 9.870E-01 6.203E-03 -5.052E-02 1.324E-02 4.187E-03 9.805E-03 1.666E-03 4.874E-02 6.281E-01
 2.888E+00 9.807E-01 5.893E-03 -5.010E-02 1.333E-02 4.098E-03 9.866E-03 1.704E-03 4.885E-02 6.362E-01
 2.897E+00 9.734E-01 5.787E-03 -4.962E-02 1.338E-02 4.002E-03 9.901E-03 1.726E-03 4.883E-02 6.429E-01
 2.905E+00 9.661E-01 5.683E-03 -4.912E-02 1.343E-02 3.907E-03 9.935E-03 1.748E-03 4.881E-02 6.498E-01
 2.914E+00 9.587E-01 5.591E-03 -4.861E-02 1.348E-02 3.813E-03 9.971E-03 1.770E-03 4.880E-02 6.573E-01
 2.922E+00 9.514E-01 5.498E-03 -4.810E-02 1.353E-02 3.719E-03 1.001E-02 1.791E-03 4.878E-02 6.648E-01
 2.931E+00 9.454E-01 4.980E-03 -4.767E-02 1.405E-02 3.552E-03 1.019E-02 1.911E-03 4.974E-02 7.082E-01
 2.939E+00 9.402E-01 4.213E-03 -4.728E-02 1.485E-02 3.343E-03 1.046E-02 2.088E-03 5.128E-02 7.726E-01
 2.947E+00 9.350E-01 3.430E-03 -4.691E-02 1.565E-02 3.135E-03 1.072E-02 2.266E-03 5.281E-02 8.379E-01
 2.956E+00 9.298E-01 2.599E-03 -4.657E-02 1.645E-02 2.930E-03 1.099E-02 2.445E-03 5.436E-02 9.056E-01
 2.964E+00 9.247E-01 1.768E-03 -4.624E-02 1.725E-02 2.725E-03 1.126E-02 2.624E-03 5.590E-02 9.734E-01
 2.973E+00 9.010E-01 1.274E-03 -4.580E-02 1.709E-02 2.597E-03 1.110E-02 2.646E-03 5.510E-02 9.571E-01
 2.981E+00 8.550E-01 1.189E-03 -4.522E-02 1.577E-02 2.563E-03 1.041E-02 2.479E-03 5.146E-02 8.395E-01
 2.990E+00 8.090E-01 1.107E-03 -4.462E-02 1.446E-02 2.528E-03 9.734E-03 2.309E-03 4.782E-02 7.211E-01
 2.998E+00 7.634E-01 1.036E-03 -4.397E-02 1.315E-02 2.491E-03 9.065E-03 2.133E-03 4.421E-02 5.997E-01
 3.006E+00 7.178E-01 9.651E-04 -4.332E-02 1.184E-02 2.454E-03 8.396E-03 1.956E-03 4.060E-02 4.783E-01
 3.015E+00 6.339E-01 8.557E-04 -3.966E-02 1.003E-02 2.259E-03 7.317E-03 1.687E-03 3.509E-02 3.530E-01
 3.023E+00 3.775E-01 5.583E-04 -2.263E-02 5.992E-03 1.350E-03 4.381E-03 9.978E-04 2.098E-02 2.097E-01
 3.032E+00 1.221E-01 1.806E-04 -7.319E-03 1.938E-03 4.367E-04 1.417E-03 3.227E-04 6.787E-03 6.784E-02
