 9.620E-03 2.412E-02 6.306E-04 3.674E-01 6.058E-03 6.173E-05 9.477E-03 -8.921E-05 2.792E-02 5.779E-02
 2.201E-02 6.823E-02 2.476E-03 3.665E-01 1.491E-02 5.135E-04 2.061E-02 -3.604E-04 6.449E-02 3.372E-01
 3.439E-02 1.022E-01 4.643E-03 3.649E-01 2.006E-02 1.278E-03 2.615E-02 -5.878E-04 8.500E-02 6.282E-01
 4.678E-02 1.281E-01 6.818E-03 3.630E-01 2.310E-02 2.179E-03 2.924E-02 -7.865E-04 9.758E-02 8.498E-01
 5.917E-02 1.487E-01 8.897E-03 3.610E-01 2.502E-02 3.121E-03 3.113E-02 -9.844E-04 1.061E-01 1.018E+00
 7.156E-02 1.655E-01 1.081E-02 3.588E-01 2.632E-02 4.066E-03 3.229E-02 -1.194E-03 1.122E-01 1.136E+00
 8.394E-02 1.796E-01 1.259E-02 3.567E-01 2.729E-02 4.986E-03 3.298E-02 -1.414E-03 1.168E-01 1.209E+00
 9.633E-02 1.915E-01 1.421E-02 3.546E-01 2.802E-02 5.875E-03 3.338E-02 -1.648E-03 1.204E-01 1.251E+00
 1.087E-01 2.017E-01 1.570E-02 3.525E-01 2.858E-02 6.730E-03 3.361E-02 -1.891E-03 1.234E-01 1.270E+00
 1.211E-01 2.107E-01 1.707E-02 3.504E-01 2.901E-02 7.551E-03 3.376E-02 -2.140E-03 1.259E-01 1.277E+00
 1.335E-01 2.187E-01 1.836E-02 3.484E-01 2.934E-02 8.341E-03 3.385E-02 -2.393E-03 1.280E-01 1.285E+00
 1.459E-01 2.260E-01 1.958E-02 3.464E-01 2.961E-02 9.097E-03 3.388E-02 -2.653E-03 1.299E-01 1.291E+00
 1.583E-01 2.327E-01 2.073E-02 3.445E-01 2.983E-02 9.828E-03 3.387E-02 -2.923E-03 1.316E-01 1.287E+00
 1.707E-01 2.389E-01 2.181E-02 3.425E-01 3.001E-02 1.054E-02 3.382E-02 -3.205E-03 1.331E-01 1.281E+00
 1.830E-01 2.448E-01 2.284E-02 3.406E-01 3.015E-02 1.123E-02 3.374E-02 -3.499E-03 1.345E-01 1.277E+00
 1.954E-01 2.504E-01 2.380E-02 3.387E-01 3.027E-02 1.190E-02 3.363E-02 -3.803E-03 1.357E-01 1.272E+00
 2.078E-01 2.556E-01 2.470E-02 3.368E-01 3.039E-02 1.255E-02 3.349E-02 -4.111E-03 1.368E-01 1.266E+00
 2.202E-01 2.607E-01 2.554E-02 3.349E-01 3.052E-02 1.318E-02 3.332E-02 -4.424E-03 1.379E-01 1.259E+00
 2.326E-01 2.656E-01 2.631E-02 3.330E-01 3.066E-02 1.380E-02 3.313E-02 -4.742E-03 1.389E-01 1.251E+00
 2.450E-01 2.702E-01 2.702E-02 3.312E-01 3.081E-02 1.439E-02 3.293E-02 -5.068E-03 1.399E-01 1.245E+00
 2.574E-01 2.747E-01 2.767E-02 3.293E-01 3.097E-02 1.497E-02 3.274E-02 -5.402E-03 1.408E-01 1.235E+00
 2.697E-01 2.790E-01 2.829E-02 3.275E-01 3.112E-02 1.552E-02 3.255E-02 -5.739E-03 1.417E-01 1.222E+00
 2.821E-01 2.832E-01 2.886E-02 3.257E-01 3.128E-02 1.606E-02 3.237E-02 -6.077E-03 1.427E-01 1.208E+00
 2.945E-01 2.873E-01 2.940E-02 3.239E-01 3.146E-02 1.658E-02 3.217E-02 -6.411E-03 1.436E-01 1.192E+00
 3.069E-01 2.915E-01 2.992E-02 3.222E-01 3.168E-02 1.708E-02 3.198E-02 -6.735E-03 1.445E-01 1.179E+00
 3.193E-01 2.955E-01 3.042E-02 3.204E-01 3.195E-02 1.757E-02 3.181E-02 -7.052E-03 1.456E-01 1.171E+00
 3.317E-01 2.996E-01 3.090E-02 3.187E-01 3.225E-02 1.804E-02 3.169E-02 -7.364E-03 1.467E-01 1.166E+00
 3.441E-01 3.036E-01 3.137E-02 3.170E-01 3.258E-02 1.850E-02 3.161E-02 -7.677E-03 1.480E-01 1.160E+00
 3.565E-01 3.076E-01 3.180E-02 3.153E-01 3.292E-02 1.894E-02 3.154E-02 -7.992E-03 1.493E-01 1.151E+00
 3.688E-01 3.116E-01 3.222E-02 3.136E-01 3.328E-02 1.937E-02 3.149E-02 -8.306E-03 1.506E-01 1.139E+00
 3.812E-01 3.156E-01 3.263E-02 3.119E-01 3.366E-02 1.978E-02 3.144E-02 -8.616E-03 1.519E-01 1.128E+00
 3.936E-01 3.195E-01 3.301E-02 3.102E-01 3.405E-02 2.017E-02 3.139E-02 -8.922E-03 1.532E-01 1.118E+00
 4.060E-01 3.235E-01 3.337E-02 3.086E-01 3.446E-02 2.055E-02 3.134E-02 -9.225E-03 1.546E-01 1.106E+00
 4.184E-01 3.274E-01 3.370E-02 3.069E-01 3.488E-02 2.092E-02 3.130E-02 -9.525E-03 1.559E-01 1.093E+00
 4.308E-01 3.313E-01 3.403E-02 3.053E-01 3.530E-02 2.128E-02 3.127E-02 -9.823E-03 1.572E-01 1.081E+00
 4.432E-01 3.352E-01 3.433E-02 3.037E-01 3.572E-02 2.163E-02 3.127E-02 -1.012E-02 1.586E-01 1.068E+00
 4.556E-01 3.391E-01 3.459E-02 3.021E-01 3.614E-02 2.195E-02 3.132E-02 -1.042E-02 1.600E-01 1.056E+00
 4.679E-01 3.430E-01 3.482E-02 3.005E-01 3.654E-02 2.226E-02 3.139E-02 -1.072E-02 1.614E-01 1.047E+00
 4.803E-01 3.469E-01 3.505E-02 2.989E-01 3.694E-02 2.255E-02 3.148E-02 -1.103E-02 1.628E-01 1.036E+00
 4.927E-01 3.507E-01 3.526E-02 2.974E-01 3.735E-02 2.283E-02 3.160E-02 -1.133E-02 1.643E-01 1.025E+00
 5.051E-01 3.546E-01 3.545E-02 2.959E-01 3.778E-02 2.310E-02 3.174E-02 -1.162E-02 1.658E-01 1.013E+00
 5.175E-01 3.585E-01 3.562E-02 2.943E-01 3.825E-02 2.336E-02 3.189E-02 -1.190E-02 1.673E-01 1.000E+00
 5.299E-01 3.624E-01 3.577E-02 2.928E-01 3.872E-02 2.361E-02 3.205E-02 -1.218E-02 1.689E-01 9.895E-01
 5.423E-01 3.664E-01 3.590E-02 2.913E-01 3.919E-02 2.386E-02 3.222E-02 -1.246E-02 1.705E-01 9.814E-01
 5.547E-01 3.705E-01 3.603E-02 2.898E-01 3.963E-02 2.410E-02 3.240E-02 -1.274E-02 1.721E-01 9.748E-01
 5.670E-01 3.746E-01 3.617E-02 2.883E-01 4.006E-02 2.434E-02 3.259E-02 -1.302E-02 1.736E-01 9.681E-01
 5.794E-01 3.787E-01 3.630E-02 2.869E-01 4.049E-02 2.458E-02 3.277E-02 -1.330E-02 1.751E-01 9.609E-01
 5.918E-01 3.828E-01 3.643E-02 2.854E-01 4.088E-02 2.481E-02 3.294E-02 -1.358E-02 1.765E-01 9.527E-01
 6.042E-01 3.870E-01 3.656E-02 2.838E-01 4.126E-02 2.504E-02 3.308E-02 -1.386E-02 1.779E-01 9.446E-01
 6.166E-01 3.912E-01 3.669E-02 2.824E-01 4.164E-02 2.527E-02 3.322E-02 -1.412E-02 1.792E-01 9.362E-01
 6.290E-01 3.954E-01 3.681E-02 2.809E-01 4.202E-02 2.548E-02 3.334E-02 -1.437E-02 1.805E-01 9.295E-01
 6.414E-01 3.997E-01 3.694E-02 2.794E-01 4.242E-02 2.569E-02 3.345E-02 -1.461E-02 1.818E-01 9.224E-01
 6.537E-01 4.041E-01 3.707E-02 2.780E-01 4.281E-02 2.588E-02 3.356E-02 -1.484E-02 1.830E-01 9.151E-01
 6.661E-01 4.086E-01 3.721E-02 2.766E-01 4.321E-02 2.607E-02 3.365E-02 -1.506E-02 1.842E-01 9.079E-01
 6.785E-01 4.131E-01 3.734E-02 2.751E-01 4.361E-02 2.624E-02 3.373E-02 -1.527E-02 1.854E-01 9.002E-01
 6.909E-01 4.179E-01 3.745E-02 2.737E-01 4.400E-02 2.641E-02 3.377E-02 -1.548E-02 1.865E-01 8.920E-01
 7.033E-01 4.226E-01 3.755E-02 2.723E-01 4.442E-02 2.656E-02 3.379E-02 -1.568E-02 1.875E-01 8.827E-01
 7.157E-01 4.274E-01 3.764E-02 2.709E-01 4.484E-02 2.671E-02 3.380E-02 -1.587E-02 1.886E-01 8.740E-01
 7.281E-01 4.322E-01 3.770E-02 2.695E-01 4.527E-02 2.685E-02 3.386E-02 -1.606E-02 1.897E-01 8.672E-01
 7.405E-01 4.371E-01 3.773E-02 2.681E-01 4.569E-02 2.698E-02 3.393E-02 -1.625E-02 1.908E-01 8.618E-01
 7.528E-01 4.420E-01 3.773E-02 2.667E-01 4.613E-02 2.710E-02 3.400E-02 -1.644E-02 1.919E-01 8.553E-01
 7.652E-01 4.470E-01 3.772E-02 2.653E-01 4.658E-02 2.722E-02 3.406E-02 -1.663E-02 1.930E-01 8.492E-01
 7.776E-01 4.520E-01 3.765E-02 2.640E-01 4.704E-02 2.733E-02 3.407E-02 -1.682E-02 1.941E-01 8.433E-01
 7.900E-01 4.570E-01 3.759E-02 2.626E-01 4.749E-02 2.743E-02 3.407E-02 -1.701E-02 1.951E-01 8.385E-01
 8.024E-01 4.621E-01 3.755E-02 2.613E-01 4.793E-02 2.751E-02 3.405E-02 -1.719E-02 1.960E-01 8.351E-01
 8.148E-01 4.673E-01 3.751E-02 2.600E-01 4.833E-02 2.758E-02 3.401E-02 -1.735E-02 1.967E-01 8.303E-01
 8.272E-01 4.725E-01 3.748E-02 2.587E-01 4.867E-02 2.764E-02 3.395E-02 -1.750E-02 1.974E-01 8.243E-01
 8.396E-01 4.777E-01 3.748E-02 2.575E-01 4.898E-02 2.769E-02 3.389E-02 -1.764E-02 1.979E-01 8.177E-01
 8.519E-01 4.830E-01 3.750E-02 2.562E-01 4.924E-02 2.773E-02 3.383E-02 -1.776E-02 1.983E-01 8.109E-01
 8.643E-01 4.882E-01 3.750E-02 2.550E-01 4.951E-02 2.775E-02 3.378E-02 -1.787E-02 1.988E-01 8.069E-01
 8.767E-01 4.935E-01 3.749E-02 2.537E-01 4.976E-02 2.777E-02 3.375E-02 -1.797E-02 1.992E-01 8.035E-01
 8.891E-01 4.988E-01 3.751E-02 2.525E-01 5.001E-02 2.777E-02 3.369E-02 -1.804E-02 1.995E-01 8.008E-01
 9.015E-01 5.041E-01 3.755E-02 2.513E-01 5.025E-02 2.777E-02 3.363E-02 -1.810E-02 1.998E-01 7.995E-01
 9.139E-01 5.095E-01 3.761E-02 2.501E-01 5.047E-02 2.776E-02 3.357E-02 -1.815E-02 2.001E-01 7.982E-01
 9.263E-01 5.149E-01 3.768E-02 2.489E-01 5.068E-02 2.774E-02 3.350E-02 -1.818E-02 2.003E-01 7.968E-01
 9.387E-01 5.204E-01 3.776E-02 2.478E-01 5.086E-02 2.771E-02 3.341E-02 -1.822E-02 2.004E-01 7.940E-01
 9.510E-01 5.258E-01 3.783E-02 2.466E-01 5.099E-02 2.767E-02 3.332E-02 -1.825E-02 2.004E-01 7.885E-01
 9.634E-01 5.313E-01 3.789E-02 2.455E-01 5.110E-02 2.762E-02 3.322E-02 -1.829E-02 2.004E-01 7.828E-01
 9.758E-01 5.367E-01 3.791E-02 2.443E-01 5.114E-02 2.757E-02 3.310E-02 -1.832E-02 2.001E-01 7.767E-01
 9.882E-01 5.421E-01 3.794E-02 2.431E-01 5.120E-02 2.751E-02 3.298E-02 -1.835E-02 1.999E-01 7.705E-01
 1.001E+00 5.477E-01 3.795E-02 2.419E-01 5.124E-02 2.747E-02 3.285E-02 -1.838E-02 1.997E-01 7.666E-01
 1.013E+00 5.532E-01 3.797E-02 2.408E-01 5.128E-02 2.741E-02 3.271E-02 -1.841E-02 1.994E-01 7.624E-01
 1.025E+00 5.587E-01 3.794E-02 2.396E-01 5.128E-02 2.735E-02 3.255E-02 -1.843E-02 1.990E-01 7.580E-01
 1.038E+00 5.643E-01 3.791E-02 2.384E-01 5.127E-02 2.728E-02 3.239E-02 -1.846E-02 1.986E-01 7.536E-01
 1.050E+00 5.698E-01 3.790E-02 2.373E-01 5.127E-02 2.721E-02 3.223E-02 -1.847E-02 1.981E-01 7.492E-01
 1.063E+00 5.753E-01 3.791E-02 2.361E-01 5.127E-02 2.714E-02 3.207E-02 -1.846E-02 1.977E-01 7.443E-01
 1.075E+00 5.808E-01 3.789E-02 2.349E-01 5.128E-02 2.707E-02 3.191E-02 -1.844E-02 1.973E-01 7.397E-01
 1.087E+00 5.864E-01 3.783E-02 2.338E-01 5.131E-02 2.699E-02 3.176E-02 -1.842E-02 1.970E-01 7.341E-01
 1.100E+00 5.920E-01 3.777E-02 2.326E-01 5.135E-02 2.691E-02 3.161E-02 -1.839E-02 1.967E-01 7.284E-01
 1.112E+00 5.977E-01 3.777E-02 2.315E-01 5.140E-02 2.683E-02 3.145E-02 -1.835E-02 1.963E-01 7.236E-01
 1.124E+00 6.035E-01 3.778E-02 2.304E-01 5.145E-02 2.675E-02 3.128E-02 -1.831E-02 1.960E-01 7.197E-01
 1.137E+00 6.092E-01 3.778E-02 2.293E-01 5.149E-02 2.666E-02 3.111E-02 -1.826E-02 1.956E-01 7.167E-01
 1.149E+00 6.147E-01 3.773E-02 2.282E-01 5.153E-02 2.654E-02 3.090E-02 -1.820E-02 1.950E-01 7.157E-01
 1.162E+00 6.203E-01 3.768E-02 2.271E-01 5.158E-02 2.642E-02 3.071E-02 -1.814E-02 1.946E-01 7.145E-01
 1.174E+00 6.257E-01 3.767E-02 2.260E-01 5.157E-02 2.627E-02 3.052E-02 -1.806E-02 1.939E-01 7.115E-01
 1.186E+00 6.310E-01 3.766E-02 2.250E-01 5.154E-02 2.612E-02 3.032E-02 -1.797E-02 1.933E-01 7.083E-01
 1.199E+00 6.364E-01 3.766E-02 2.240E-01 5.148E-02 2.596E-02 3.014E-02 -1.788E-02 1.925E-01 7.046E-01
 1.211E+00 6.416E-01 3.764E-02 2.230E-01 5.135E-02 2.578E-02 2.996E-02 -1.778E-02 1.917E-01 7.000E-01
 1.224E+00 6.469E-01 3.761E-02 2.219E-01 5.123E-02 2.561E-02 2.978E-02 -1.768E-02 1.908E-01 6.955E-01
 1.236E+00 6.522E-01 3.767E-02 2.210E-01 5.104E-02 2.543E-02 2.953E-02 -1.756E-02 1.897E-01 6.909E-01
 1.248E+00 6.574E-01 3.775E-02 2.201E-01 5.084E-02 2.525E-02 2.925E-02 -1.743E-02 1.885E-01 6.863E-01
 1.261E+00 6.627E-01 3.783E-02 2.191E-01 5.064E-02 2.506E-02 2.898E-02 -1.731E-02 1.874E-01 6.816E-01
 1.273E+00 6.679E-01 3.780E-02 2.181E-01 5.042E-02 2.488E-02 2.867E-02 -1.718E-02 1.861E-01 6.757E-01
 1.285E+00 6.731E-01 3.779E-02 2.171E-01 5.020E-02 2.469E-02 2.837E-02 -1.706E-02 1.848E-01 6.699E-01
 1.298E+00 6.784E-01 3.781E-02 2.161E-01 4.995E-02 2.451E-02 2.810E-02 -1.693E-02 1.836E-01 6.644E-01
 1.310E+00 6.835E-01 3.790E-02 2.152E-01 4.966E-02 2.433E-02 2.789E-02 -1.681E-02 1.823E-01 6.591E-01
 1.323E+00 6.887E-01 3.800E-02 2.143E-01 4.937E-02 2.415E-02 2.768E-02 -1.668E-02 1.811E-01 6.535E-01
 1.335E+00 6.938E-01 3.801E-02 2.133E-01 4.908E-02 2.395E-02 2.746E-02 -1.655E-02 1.799E-01 6.495E-01
 1.347E+00 6.988E-01 3.797E-02 2.123E-01 4.879E-02 2.374E-02 2.724E-02 -1.641E-02 1.786E-01 6.463E-01
 1.360E+00 7.039E-01 3.795E-02 2.114E-01 4.851E-02 2.353E-02 2.702E-02 -1.627E-02 1.773E-01 6.433E-01
 1.372E+00 7.089E-01 3.804E-02 2.106E-01 4.820E-02 2.331E-02 2.680E-02 -1.610E-02 1.760E-01 6.393E-01
 1.385E+00 7.140E-01 3.814E-02 2.098E-01 4.789E-02 2.309E-02 2.658E-02 -1.592E-02 1.746E-01 6.351E-01
 1.397E+00 7.190E-01 3.824E-02 2.090E-01 4.758E-02 2.286E-02 2.636E-02 -1.575E-02 1.733E-01 6.308E-01
 1.409E+00 7.241E-01 3.821E-02 2.081E-01 4.720E-02 2.265E-02 2.613E-02 -1.558E-02 1.718E-01 6.245E-01
 1.422E+00 7.292E-01 3.816E-02 2.071E-01 4.681E-02 2.244E-02 2.590E-02 -1.541E-02 1.703E-01 6.183E-01
 1.434E+00 7.343E-01 3.813E-02 2.062E-01 4.642E-02 2.224E-02 2.566E-02 -1.525E-02 1.688E-01 6.122E-01
 1.447E+00 7.391E-01 3.818E-02 2.053E-01 4.600E-02 2.204E-02 2.536E-02 -1.506E-02 1.672E-01 6.067E-01
 1.459E+00 7.440E-01 3.824E-02 2.045E-01 4.558E-02 2.184E-02 2.505E-02 -1.488E-02 1.655E-01 6.013E-01
 1.471E+00 7.489E-01 3.828E-02 2.036E-01 4.516E-02 2.165E-02 2.475E-02 -1.470E-02 1.639E-01 5.959E-01
 1.484E+00 7.536E-01 3.815E-02 2.026E-01 4.470E-02 2.145E-02 2.450E-02 -1.451E-02 1.622E-01 5.911E-01
 1.496E+00 7.583E-01 3.805E-02 2.016E-01 4.423E-02 2.125E-02 2.425E-02 -1.432E-02 1.606E-01 5.866E-01
 1.508E+00 7.630E-01 3.796E-02 2.007E-01 4.376E-02 2.105E-02 2.400E-02 -1.414E-02 1.590E-01 5.820E-01
 1.521E+00 7.676E-01 3.802E-02 1.999E-01 4.329E-02 2.084E-02 2.374E-02 -1.396E-02 1.573E-01 5.770E-01
 1.533E+00 7.722E-01 3.808E-02 1.992E-01 4.282E-02 2.062E-02 2.348E-02 -1.378E-02 1.556E-01 5.720E-01
 1.546E+00 7.769E-01 3.813E-02 1.984E-01 4.233E-02 2.041E-02 2.322E-02 -1.360E-02 1.539E-01 5.669E-01
 1.558E+00 7.813E-01 3.797E-02 1.975E-01 4.184E-02 2.022E-02 2.295E-02 -1.343E-02 1.521E-01 5.620E-01
 1.570E+00 7.856E-01 3.780E-02 1.965E-01 4.134E-02 2.003E-02 2.268E-02 -1.326E-02 1.504E-01 5.570E-01
 1.583E+00 7.900E-01 3.765E-02 1.955E-01 4.084E-02 1.983E-02 2.240E-02 -1.310E-02 1.487E-01 5.520E-01
 1.595E+00 7.942E-01 3.771E-02 1.948E-01 4.034E-02 1.964E-02 2.216E-02 -1.293E-02 1.470E-01 5.485E-01
 1.608E+00 7.984E-01 3.779E-02 1.941E-01 3.985E-02 1.946E-02 2.192E-02 -1.275E-02 1.454E-01 5.452E-01
 1.620E+00 8.025E-01 3.787E-02 1.934E-01 3.935E-02 1.927E-02 2.167E-02 -1.258E-02 1.437E-01 5.419E-01
 1.632E+00 8.067E-01 3.771E-02 1.925E-01 3.890E-02 1.908E-02 2.139E-02 -1.240E-02 1.421E-01 5.372E-01
 1.645E+00 8.108E-01 3.748E-02 1.915E-01 3.847E-02 1.889E-02 2.109E-02 -1.222E-02 1.404E-01 5.320E-01
 1.657E+00 8.149E-01 3.725E-02 1.905E-01 3.804E-02 1.870E-02 2.079E-02 -1.203E-02 1.388E-01 5.268E-01
 1.669E+00 8.190E-01 3.715E-02 1.897E-01 3.759E-02 1.852E-02 2.050E-02 -1.185E-02 1.371E-01 5.228E-01
 1.682E+00 8.229E-01 3.722E-02 1.890E-01 3.713E-02 1.836E-02 2.021E-02 -1.167E-02 1.355E-01 5.203E-01
 1.694E+00 8.268E-01 3.729E-02 1.884E-01 3.667E-02 1.820E-02 1.992E-02 -1.149E-02 1.339E-01 5.177E-01
 1.707E+00 8.307E-01 3.732E-02 1.877E-01 3.621E-02 1.804E-02 1.964E-02 -1.132E-02 1.322E-01 5.148E-01
 1.719E+00 8.346E-01 3.703E-02 1.867E-01 3.575E-02 1.786E-02 1.939E-02 -1.114E-02 1.307E-01 5.093E-01
 1.731E+00 8.385E-01 3.675E-02 1.857E-01 3.528E-02 1.769E-02 1.914E-02 -1.097E-02 1.291E-01 5.039E-01
 1.744E+00 8.424E-01 3.647E-02 1.847E-01 3.482E-02 1.751E-02 1.889E-02 -1.080E-02 1.275E-01 4.985E-01
 1.756E+00 8.461E-01 3.646E-02 1.841E-01 3.435E-02 1.734E-02 1.864E-02 -1.064E-02 1.259E-01 4.954E-01
 1.769E+00 8.498E-01 3.654E-02 1.835E-01 3.389E-02 1.716E-02 1.840E-02 -1.048E-02 1.243E-01 4.930E-01
 1.781E+00 8.534E-01 3.663E-02 1.829E-01 3.342E-02 1.699E-02 1.815E-02 -1.032E-02 1.227E-01 4.908E-01
 1.793E+00 8.570E-01 3.659E-02 1.822E-01 3.295E-02 1.681E-02 1.792E-02 -1.016E-02 1.211E-01 4.879E-01
 1.806E+00 8.603E-01 3.626E-02 1.813E-01 3.245E-02 1.663E-02 1.770E-02 -9.996E-03 1.195E-01 4.833E-01
 1.818E+00 8.637E-01 3.592E-02 1.804E-01 3.195E-02 1.644E-02 1.749E-02 -9.828E-03 1.179E-01 4.788E-01
 1.831E+00 8.671E-01 3.558E-02 1.795E-01 3.145E-02 1.626E-02 1.728E-02 -9.661E-03 1.163E-01 4.742E-01
 1.843E+00 8.703E-01 3.555E-02 1.789E-01 3.101E-02 1.606E-02 1.707E-02 -9.490E-03 1.148E-01 4.697E-01
 1.855E+00 8.734E-01 3.559E-02 1.785E-01 3.059E-02 1.585E-02 1.686E-02 -9.319E-03 1.133E-01 4.652E-01
 1.868E+00 8.765E-01 3.564E-02 1.780E-01 3.016E-02 1.565E-02 1.665E-02 -9.147E-03 1.118E-01 4.608E-01
 1.880E+00 8.796E-01 3.559E-02 1.775E-01 2.974E-02 1.545E-02 1.644E-02 -8.981E-03 1.103E-01 4.564E-01
 1.892E+00 8.826E-01 3.511E-02 1.766E-01 2.934E-02 1.524E-02 1.621E-02 -8.834E-03 1.088E-01 4.524E-01
 1.905E+00 8.856E-01 3.463E-02 1.758E-01 2.894E-02 1.504E-02 1.599E-02 -8.687E-03 1.073E-01 4.483E-01
 1.917E+00 8.885E-01 3.415E-02 1.749E-01 2.854E-02 1.484E-02 1.576E-02 -8.539E-03 1.058E-01 4.443E-01
 1.930E+00 8.914E-01 3.393E-02 1.743E-01 2.815E-02 1.464E-02 1.553E-02 -8.391E-03 1.044E-01 4.404E-01
 1.942E+00 8.941E-01 3.395E-02 1.739E-01 2.778E-02 1.444E-02 1.529E-02 -8.241E-03 1.029E-01 4.368E-01
 1.954E+00 8.968E-01 3.398E-02 1.735E-01 2.740E-02 1.423E-02 1.505E-02 -8.090E-03 1.015E-01 4.332E-01
 1.967E+00 8.995E-01 3.400E-02 1.731E-01 2.703E-02 1.403E-02 1.481E-02 -7.940E-03 9.999E-02 4.297E-01
 1.979E+00 9.021E-01 3.356E-02 1.724E-01 2.667E-02 1.385E-02 1.459E-02 -7.784E-03 9.862E-02 4.264E-01
 1.992E+00 9.046E-01 3.300E-02 1.715E-01 2.631E-02 1.366E-02 1.438E-02 -7.626E-03 9.727E-02 4.232E-01
 2.004E+00 9.072E-01 3.245E-02 1.706E-01 2.595E-02 1.348E-02 1.416E-02 -7.469E-03 9.591E-02 4.200E-01
 2.016E+00 9.097E-01 3.190E-02 1.698E-01 2.559E-02 1.329E-02 1.395E-02 -7.312E-03 9.456E-02 4.169E-01
 2.029E+00 9.121E-01 3.197E-02 1.695E-01 2.525E-02 1.312E-02 1.377E-02 -7.158E-03 9.332E-02 4.139E-01
 2.041E+00 9.145E-01 3.207E-02 1.692E-01 2.491E-02 1.295E-02 1.359E-02 -7.003E-03 9.209E-02 4.110E-01
 2.053E+00 9.169E-01 3.217E-02 1.689E-01 2.457E-02 1.278E-02 1.341E-02 -6.849E-03 9.086E-02 4.081E-01
 2.066E+00 9.193E-01 3.222E-02 1.685E-01 2.423E-02 1.262E-02 1.323E-02 -6.696E-03 8.964E-02 4.050E-01
 2.078E+00 9.215E-01 3.158E-02 1.676E-01 2.394E-02 1.246E-02 1.306E-02 -6.556E-03 8.853E-02 4.000E-01
 2.091E+00 9.237E-01 3.094E-02 1.668E-01 2.366E-02 1.229E-02 1.289E-02 -6.415E-03 8.742E-02 3.950E-01
 2.103E+00 9.259E-01 3.031E-02 1.659E-01 2.337E-02 1.213E-02 1.272E-02 -6.277E-03 8.631E-02 3.901E-01
 2.115E+00 9.281E-01 2.977E-02 1.651E-01 2.309E-02 1.197E-02 1.255E-02 -6.138E-03 8.521E-02 3.855E-01
 2.128E+00 9.300E-01 2.986E-02 1.650E-01 2.281E-02 1.178E-02 1.240E-02 -5.995E-03 8.409E-02 3.833E-01
 2.140E+00 9.318E-01 2.996E-02 1.648E-01 2.253E-02 1.158E-02 1.224E-02 -5.852E-03 8.297E-02 3.810E-01
 2.153E+00 9.337E-01 3.006E-02 1.647E-01 2.225E-02 1.139E-02 1.209E-02 -5.710E-03 8.185E-02 3.789E-01
 2.165E+00 9.355E-01 3.011E-02 1.645E-01 2.197E-02 1.120E-02 1.194E-02 -5.569E-03 8.073E-02 3.768E-01
 2.177E+00 9.373E-01 2.940E-02 1.636E-01 2.165E-02 1.102E-02 1.177E-02 -5.435E-03 7.954E-02 3.729E-01
 2.190E+00 9.391E-01 2.869E-02 1.628E-01 2.133E-02 1.085E-02 1.159E-02 -5.301E-03 7.835E-02 3.691E-01
 2.202E+00 9.409E-01 2.798E-02 1.620E-01 2.101E-02 1.068E-02 1.142E-02 -5.168E-03 7.716E-02 3.652E-01
 2.215E+00 9.428E-01 2.728E-02 1.612E-01 2.069E-02 1.050E-02 1.125E-02 -5.034E-03 7.597E-02 3.614E-01
 2.227E+00 9.441E-01 2.738E-02 1.611E-01 2.040E-02 1.035E-02 1.106E-02 -4.895E-03 7.483E-02 3.598E-01
 2.239E+00 9.455E-01 2.754E-02 1.610E-01 2.012E-02 1.019E-02 1.086E-02 -4.755E-03 7.369E-02 3.583E-01
 2.252E+00 9.469E-01 2.770E-02 1.609E-01 1.984E-02 1.003E-02 1.067E-02 -4.616E-03 7.256E-02 3.567E-01
 2.264E+00 9.482E-01 2.787E-02 1.609E-01 1.956E-02 9.876E-03 1.047E-02 -4.476E-03 7.142E-02 3.552E-01
 2.276E+00 9.495E-01 2.735E-02 1.603E-01 1.927E-02 9.721E-03 1.032E-02 -4.342E-03 7.036E-02 3.528E-01
 2.289E+00 9.507E-01 2.656E-02 1.595E-01 1.897E-02 9.566E-03 1.020E-02 -4.210E-03 6.933E-02 3.499E-01
 2.301E+00 9.519E-01 2.576E-02 1.586E-01 1.867E-02 9.412E-03 1.007E-02 -4.078E-03 6.830E-02 3.470E-01
 2.314E+00 9.531E-01 2.497E-02 1.578E-01 1.838E-02 9.257E-03 9.950E-03 -3.946E-03 6.727E-02 3.442E-01
 2.326E+00 9.542E-01 2.456E-02 1.573E-01 1.810E-02 9.101E-03 9.827E-03 -3.812E-03 6.628E-02 3.414E-01
 2.338E+00 9.549E-01 2.476E-02 1.574E-01 1.787E-02 8.943E-03 9.707E-03 -3.675E-03 6.536E-02 3.387E-01
 2.351E+00 9.556E-01 2.496E-02 1.575E-01 1.763E-02 8.785E-03 9.586E-03 -3.538E-03 6.443E-02 3.359E-01
 2.363E+00 9.564E-01 2.515E-02 1.577E-01 1.739E-02 8.627E-03 9.465E-03 -3.401E-03 6.350E-02 3.332E-01
 2.376E+00 9.571E-01 2.535E-02 1.578E-01 1.715E-02 8.469E-03 9.345E-03 -3.264E-03 6.257E-02 3.305E-01
 2.388E+00 9.577E-01 2.444E-02 1.570E-01 1.696E-02 8.312E-03 9.263E-03 -3.149E-03 6.182E-02 3.279E-01
 2.400E+00 9.583E-01 2.353E-02 1.562E-01 1.678E-02 8.155E-03 9.182E-03 -3.035E-03 6.107E-02 3.254E-01
 2.413E+00 9.590E-01 2.261E-02 1.554E-01 1.660E-02 7.998E-03 9.102E-03 -2.920E-03 6.031E-02 3.228E-01
 2.425E+00 9.596E-01 2.170E-02 1.546E-01 1.642E-02 7.841E-03 9.021E-03 -2.806E-03 5.956E-02 3.203E-01
 2.437E+00 9.599E-01 2.134E-02 1.543E-01 1.624E-02 7.687E-03 8.943E-03 -2.686E-03 5.884E-02 3.184E-01
 2.450E+00 9.598E-01 2.158E-02 1.546E-01 1.608E-02 7.535E-03 8.867E-03 -2.559E-03 5.814E-02 3.173E-01
 2.462E+00 9.597E-01 2.183E-02 1.548E-01 1.592E-02 7.384E-03 8.792E-03 -2.432E-03 5.744E-02 3.162E-01
 2.475E+00 9.597E-01 2.208E-02 1.550E-01 1.575E-02 7.233E-03 8.716E-03 -2.306E-03 5.674E-02 3.151E-01
 2.487E+00 9.596E-01 2.232E-02 1.553E-01 1.559E-02 7.081E-03 8.641E-03 -2.179E-03 5.604E-02 3.139E-01
 2.499E+00 9.595E-01 2.147E-02 1.546E-01 1.542E-02 6.958E-03 8.593E-03 -2.048E-03 5.544E-02 3.130E-01
 2.512E+00 9.593E-01 2.047E-02 1.538E-01 1.525E-02 6.840E-03 8.550E-03 -1.916E-03 5.485E-02 3.121E-01
 2.524E+00 9.592E-01 1.947E-02 1.530E-01 1.508E-02 6.722E-03 8.506E-03 -1.785E-03 5.425E-02 3.112E-01
 2.537E+00 9.590E-01 1.847E-02 1.523E-01 1.491E-02 6.604E-03 8.463E-03 -1.653E-03 5.366E-02 3.103E-01
 2.549E+00 9.587E-01 1.769E-02 1.517E-01 1.475E-02 6.485E-03 8.425E-03 -1.519E-03 5.309E-02 3.097E-01
 2.561E+00 9.575E-01 1.803E-02 1.520E-01 1.463E-02 6.364E-03 8.416E-03 -1.375E-03 5.264E-02 3.109E-01
 2.574E+00 9.563E-01 1.837E-02 1.524E-01 1.451E-02 6.243E-03 8.406E-03 -1.232E-03 5.219E-02 3.121E-01
 2.586E+00 9.552E-01 1.871E-02 1.528E-01 1.439E-02 6.121E-03 8.396E-03 -1.088E-03 5.173E-02 3.133E-01
 2.599E+00 9.540E-01 1.906E-02 1.532E-01 1.426E-02 6.000E-03 8.386E-03 -9.450E-04 5.128E-02 3.145E-01
 2.611E+00 9.528E-01 1.891E-02 1.532E-01 1.417E-02 5.891E-03 8.394E-03 -8.036E-04 5.093E-02 3.161E-01
 2.623E+00 9.515E-01 1.782E-02 1.524E-01 1.414E-02 5.803E-03 8.437E-03 -6.668E-04 5.079E-02 3.184E-01
 2.636E+00 9.502E-01 1.674E-02 1.516E-01 1.410E-02 5.716E-03 8.480E-03 -5.305E-04 5.064E-02 3.206E-01
 2.648E+00 9.489E-01 1.566E-02 1.509E-01 1.406E-02 5.629E-03 8.522E-03 -3.942E-04 5.050E-02 3.229E-01
 2.660E+00 9.475E-01 1.458E-02 1.501E-01 1.402E-02 5.541E-03 8.565E-03 -2.579E-04 5.035E-02 3.251E-01
 2.673E+00 9.452E-01 1.408E-02 1.498E-01 1.403E-02 5.462E-03 8.611E-03 -1.198E-04 5.031E-02 3.292E-01
 2.685E+00 9.414E-01 1.449E-02 1.503E-01 1.411E-02 5.394E-03 8.660E-03 2.004E-05 5.042E-02 3.358E-01
 2.698E+00 9.376E-01 1.491E-02 1.508E-01 1.419E-02 5.326E-03 8.709E-03 1.593E-04 5.052E-02 3.422E-01
 2.710E+00 9.337E-01 1.532E-02 1.513E-01 1.427E-02 5.258E-03 8.758E-03 2.985E-04 5.063E-02 3.487E-01
 2.722E+00 9.299E-01 1.574E-02 1.518E-01 1.435E-02 5.190E-03 8.807E-03 4.377E-04 5.073E-02 3.551E-01
 2.735E+00 9.260E-01 1.563E-02 1.519E-01 1.450E-02 5.133E-03 8.893E-03 5.875E-04 5.106E-02 3.632E-01
 2.747E+00 9.219E-01 1.441E-02 1.511E-01 1.481E-02 5.100E-03 9.058E-03 7.593E-04 5.185E-02 3.745E-01
 2.760E+00 9.179E-01 1.321E-02 1.503E-01 1.512E-02 5.066E-03 9.222E-03 9.309E-04 5.263E-02 3.858E-01
 2.772E+00 9.139E-01 1.200E-02 1.495E-01 1.542E-02 5.033E-03 9.386E-03 1.103E-03 5.341E-02 3.970E-01
 2.784E+00 9.098E-01 1.080E-02 1.487E-01 1.573E-02 4.999E-03 9.550E-03 1.274E-03 5.420E-02 4.082E-01
 2.797E+00 9.051E-01 9.784E-03 1.481E-01 1.602E-02 4.977E-03 9.707E-03 1.443E-03 5.496E-02 4.197E-01
 2.809E+00 8.953E-01 1.023E-02 1.486E-01 1.621E-02 5.042E-03 9.810E-03 1.590E-03 5.560E-02 4.331E-01
 2.821E+00 8.855E-01 1.068E-02 1.492E-01 1.640E-02 5.107E-03 9.913E-03 1.738E-03 5.624E-02 4.461E-01
 2.834E+00 8.757E-01 1.113E-02 1.498E-01 1.659E-02 5.171E-03 1.002E-02 1.886E-03 5.688E-02 4.592E-01
 2.846E+00 8.659E-01 1.158E-02 1.504E-01 1.679E-02 5.235E-03 1.012E-02 2.034E-03 5.752E-02 4.723E-01
 2.859E+00 8.561E-01 1.203E-02 1.510E-01 1.698E-02 5.299E-03 1.022E-02 2.182E-03 5.816E-02 4.854E-01
 2.871E+00 8.510E-01 1.107E-02 1.506E-01 1.774E-02 5.199E-03 1.058E-02 2.445E-03 6.001E-02 5.234E-01
 2.883E+00 8.474E-01 9.700E-03 1.500E-01 1.869E-02 5.049E-03 1.102E-02 2.742E-03 6.221E-02 5.684E-01
 2.896E+00 8.437E-01 8.325E-03 1.493E-01 1.963E-02 4.899E-03 1.146E-02 3.039E-03 6.440E-02 6.136E-01
 2.908E+00 8.400E-01 6.951E-03 1.487E-01 2.057E-02 4.749E-03 1.190E-02 3.336E-03 6.660E-02 6.588E-01
 2.921E+00 8.363E-01 5.577E-03 1.481E-01 2.151E-02 4.599E-03 1.233E-02 3.633E-03 6.880E-02 7.041E-01
 2.933E+00 8.222E-01 4.606E-03 1.478E-01 2.176E-02 4.561E-03 1.248E-02 3.803E-03 6.946E-02 7.228E-01
 2.945E+00 7.794E-01 4.719E-03 1.489E-01 2.014E-02 4.832E-03 1.184E-02 3.625E-03 6.588E-02 6.704E-01
 2.958E+00 7.365E-01 4.832E-03 1.499E-01 1.851E-02 5.102E-03 1.120E-02 3.446E-03 6.230E-02 6.179E-01
 2.970E+00 6.936E-01 4.945E-03 1.509E-01 1.688E-02 5.372E-03 1.056E-02 3.267E-03 5.872E-02 5.655E-01
 2.983E+00 6.508E-01 5.058E-03 1.519E-01 1.525E-02 5.643E-03 9.918E-03 3.089E-03 5.515E-02 5.130E-01
 2.995E+00 6.080E-01 5.179E-03 1.529E-01 1.363E-02 5.911E-03 9.279E-03 2.910E-03 5.158E-02 4.620E-01
 3.007E+00 4.694E-01 4.159E-03 1.219E-01 1.031E-02 4.784E-03 7.167E-03 2.256E-03 3.984E-02 3.507E-01
 3.020E+00 2.643E-01 2.344E-03 6.883E-02 5.809E-03 2.690E-03 4.031E-03 1.270E-03 2.243E-02 1.968E-01
 3.032E+00 5.984E-02 5.315E-04 1.566E-02 1.317E-03 6.074E-04 9.106E-04 2.878E-04 5.074E-03 4.421E-02
