 9.583E-03 5.784E-02 -4.934E-05 2.903E-01 1.065E-02 9.604E-05 1.068E-02 -1.484E-04 3.835E-02 5.056E-02
 2.195E-02 1.126E-01 -3.252E-04 2.889E-01 2.240E-02 7.866E-04 2.183E-02 -5.353E-04 8.056E-02 3.269E-01
 3.432E-02 1.448E-01 -7.836E-04 2.865E-01 2.720E-02 1.943E-03 2.681E-02 -8.747E-04 1.001E-01 6.282E-01
 4.669E-02 1.662E-01 -1.326E-03 2.838E-01 2.948E-02 3.300E-03 2.931E-02 -1.201E-03 1.111E-01 9.012E-01
 5.906E-02 1.820E-01 -1.896E-03 2.809E-01 3.077E-02 4.712E-03 3.073E-02 -1.534E-03 1.185E-01 1.115E+00
 7.143E-02 1.945E-01 -2.482E-03 2.781E-01 3.162E-02 6.114E-03 3.159E-02 -1.880E-03 1.241E-01 1.276E+00
 8.380E-02 2.045E-01 -3.070E-03 2.753E-01 3.224E-02 7.466E-03 3.209E-02 -2.243E-03 1.285E-01 1.394E+00
 9.616E-02 2.130E-01 -3.661E-03 2.727E-01 3.269E-02 8.757E-03 3.240E-02 -2.623E-03 1.322E-01 1.479E+00
 1.085E-01 2.201E-01 -4.230E-03 2.702E-01 3.305E-02 9.973E-03 3.257E-02 -3.019E-03 1.353E-01 1.542E+00
 1.209E-01 2.264E-01 -4.775E-03 2.679E-01 3.333E-02 1.111E-02 3.268E-02 -3.429E-03 1.380E-01 1.588E+00
 1.333E-01 2.319E-01 -5.301E-03 2.656E-01 3.355E-02 1.218E-02 3.274E-02 -3.849E-03 1.404E-01 1.628E+00
 1.456E-01 2.368E-01 -5.807E-03 2.635E-01 3.373E-02 1.318E-02 3.276E-02 -4.274E-03 1.426E-01 1.656E+00
 1.580E-01 2.414E-01 -6.305E-03 2.615E-01 3.389E-02 1.412E-02 3.276E-02 -4.704E-03 1.445E-01 1.664E+00
 1.704E-01 2.456E-01 -6.808E-03 2.596E-01 3.403E-02 1.500E-02 3.273E-02 -5.137E-03 1.463E-01 1.667E+00
 1.827E-01 2.495E-01 -7.291E-03 2.578E-01 3.418E-02 1.584E-02 3.266E-02 -5.570E-03 1.480E-01 1.671E+00
 1.951E-01 2.531E-01 -7.772E-03 2.560E-01 3.434E-02 1.663E-02 3.260E-02 -5.999E-03 1.496E-01 1.685E+00
 2.075E-01 2.565E-01 -8.241E-03 2.544E-01 3.453E-02 1.738E-02 3.254E-02 -6.419E-03 1.511E-01 1.702E+00
 2.199E-01 2.597E-01 -8.701E-03 2.528E-01 3.477E-02 1.808E-02 3.251E-02 -6.825E-03 1.528E-01 1.715E+00
 2.322E-01 2.628E-01 -9.143E-03 2.512E-01 3.508E-02 1.875E-02 3.251E-02 -7.217E-03 1.545E-01 1.723E+00
 2.446E-01 2.659E-01 -9.576E-03 2.497E-01 3.544E-02 1.940E-02 3.252E-02 -7.604E-03 1.564E-01 1.729E+00
 2.570E-01 2.691E-01 -9.998E-03 2.483E-01 3.582E-02 2.001E-02 3.253E-02 -7.982E-03 1.582E-01 1.732E+00
 2.693E-01 2.723E-01 -1.042E-02 2.469E-01 3.621E-02 2.061E-02 3.253E-02 -8.358E-03 1.599E-01 1.732E+00
 2.817E-01 2.757E-01 -1.084E-02 2.456E-01 3.660E-02 2.118E-02 3.253E-02 -8.735E-03 1.616E-01 1.732E+00
 2.941E-01 2.791E-01 -1.128E-02 2.442E-01 3.698E-02 2.173E-02 3.253E-02 -9.118E-03 1.633E-01 1.734E+00
 3.064E-01 2.825E-01 -1.172E-02 2.429E-01 3.736E-02 2.226E-02 3.255E-02 -9.507E-03 1.650E-01 1.735E+00
 3.188E-01 2.859E-01 -1.217E-02 2.417E-01 3.774E-02 2.277E-02 3.257E-02 -9.897E-03 1.666E-01 1.738E+00
 3.312E-01 2.894E-01 -1.263E-02 2.405E-01 3.813E-02 2.327E-02 3.261E-02 -1.028E-02 1.683E-01 1.744E+00
 3.435E-01 2.928E-01 -1.309E-02 2.393E-01 3.854E-02 2.374E-02 3.267E-02 -1.067E-02 1.699E-01 1.745E+00
 3.559E-01 2.963E-01 -1.356E-02 2.381E-01 3.896E-02 2.420E-02 3.275E-02 -1.105E-02 1.717E-01 1.745E+00
 3.683E-01 2.999E-01 -1.403E-02 2.370E-01 3.939E-02 2.464E-02 3.283E-02 -1.142E-02 1.734E-01 1.750E+00
 3.806E-01 3.036E-01 -1.450E-02 2.359E-01 3.984E-02 2.507E-02 3.291E-02 -1.178E-02 1.751E-01 1.754E+00
 3.930E-01 3.074E-01 -1.497E-02 2.348E-01 4.028E-02 2.548E-02 3.298E-02 -1.214E-02 1.767E-01 1.750E+00
 4.054E-01 3.112E-01 -1.545E-02 2.337E-01 4.072E-02 2.588E-02 3.305E-02 -1.249E-02 1.784E-01 1.740E+00
 4.178E-01 3.151E-01 -1.593E-02 2.327E-01 4.117E-02 2.625E-02 3.312E-02 -1.283E-02 1.800E-01 1.738E+00
 4.301E-01 3.189E-01 -1.641E-02 2.317E-01 4.163E-02 2.662E-02 3.318E-02 -1.316E-02 1.815E-01 1.742E+00
 4.425E-01 3.229E-01 -1.689E-02 2.307E-01 4.209E-02 2.696E-02 3.326E-02 -1.348E-02 1.831E-01 1.742E+00
 4.549E-01 3.269E-01 -1.735E-02 2.298E-01 4.254E-02 2.727E-02 3.333E-02 -1.380E-02 1.846E-01 1.738E+00
 4.672E-01 3.310E-01 -1.782E-02 2.289E-01 4.300E-02 2.756E-02 3.340E-02 -1.411E-02 1.861E-01 1.738E+00
 4.796E-01 3.352E-01 -1.829E-02 2.280E-01 4.347E-02 2.784E-02 3.348E-02 -1.440E-02 1.876E-01 1.746E+00
 4.920E-01 3.395E-01 -1.875E-02 2.272E-01 4.393E-02 2.810E-02 3.357E-02 -1.469E-02 1.890E-01 1.762E+00
 5.043E-01 3.438E-01 -1.919E-02 2.264E-01 4.439E-02 2.833E-02 3.368E-02 -1.496E-02 1.904E-01 1.769E+00
 5.167E-01 3.481E-01 -1.964E-02 2.256E-01 4.488E-02 2.855E-02 3.380E-02 -1.523E-02 1.919E-01 1.770E+00
 5.291E-01 3.525E-01 -2.009E-02 2.249E-01 4.540E-02 2.875E-02 3.393E-02 -1.548E-02 1.935E-01 1.766E+00
 5.414E-01 3.569E-01 -2.053E-02 2.241E-01 4.596E-02 2.894E-02 3.406E-02 -1.573E-02 1.950E-01 1.757E+00
 5.538E-01 3.613E-01 -2.096E-02 2.234E-01 4.653E-02 2.911E-02 3.420E-02 -1.597E-02 1.966E-01 1.743E+00
 5.662E-01 3.657E-01 -2.139E-02 2.227E-01 4.711E-02 2.926E-02 3.434E-02 -1.621E-02 1.982E-01 1.727E+00
 5.785E-01 3.701E-01 -2.181E-02 2.220E-01 4.770E-02 2.941E-02 3.449E-02 -1.643E-02 1.997E-01 1.712E+00
 5.909E-01 3.746E-01 -2.221E-02 2.214E-01 4.827E-02 2.952E-02 3.467E-02 -1.664E-02 2.013E-01 1.710E+00
 6.033E-01 3.791E-01 -2.259E-02 2.208E-01 4.882E-02 2.962E-02 3.487E-02 -1.684E-02 2.028E-01 1.715E+00
 6.157E-01 3.836E-01 -2.296E-02 2.202E-01 4.934E-02 2.971E-02 3.508E-02 -1.704E-02 2.043E-01 1.724E+00
 6.280E-01 3.883E-01 -2.333E-02 2.196E-01 4.981E-02 2.976E-02 3.529E-02 -1.723E-02 2.056E-01 1.730E+00
 6.404E-01 3.931E-01 -2.366E-02 2.191E-01 5.026E-02 2.981E-02 3.547E-02 -1.742E-02 2.068E-01 1.730E+00
 6.528E-01 3.980E-01 -2.398E-02 2.185E-01 5.071E-02 2.985E-02 3.563E-02 -1.761E-02 2.080E-01 1.727E+00
 6.651E-01 4.030E-01 -2.428E-02 2.180E-01 5.116E-02 2.988E-02 3.570E-02 -1.778E-02 2.089E-01 1.723E+00
 6.775E-01 4.080E-01 -2.457E-02 2.175E-01 5.161E-02 2.990E-02 3.575E-02 -1.796E-02 2.099E-01 1.718E+00
 6.899E-01 4.131E-01 -2.486E-02 2.170E-01 5.206E-02 2.992E-02 3.573E-02 -1.813E-02 2.107E-01 1.710E+00
 7.022E-01 4.182E-01 -2.515E-02 2.165E-01 5.250E-02 2.993E-02 3.569E-02 -1.829E-02 2.114E-01 1.704E+00
 7.146E-01 4.233E-01 -2.545E-02 2.160E-01 5.293E-02 2.993E-02 3.564E-02 -1.845E-02 2.121E-01 1.698E+00
 7.270E-01 4.285E-01 -2.572E-02 2.155E-01 5.332E-02 2.992E-02 3.562E-02 -1.860E-02 2.127E-01 1.697E+00
 7.393E-01 4.337E-01 -2.597E-02 2.151E-01 5.371E-02 2.991E-02 3.562E-02 -1.874E-02 2.134E-01 1.694E+00
 7.517E-01 4.391E-01 -2.618E-02 2.146E-01 5.407E-02 2.989E-02 3.568E-02 -1.886E-02 2.141E-01 1.684E+00
 7.641E-01 4.445E-01 -2.635E-02 2.141E-01 5.444E-02 2.987E-02 3.573E-02 -1.898E-02 2.148E-01 1.676E+00
 7.764E-01 4.500E-01 -2.649E-02 2.137E-01 5.481E-02 2.986E-02 3.579E-02 -1.908E-02 2.156E-01 1.670E+00
 7.888E-01 4.556E-01 -2.661E-02 2.132E-01 5.519E-02 2.984E-02 3.582E-02 -1.917E-02 2.163E-01 1.667E+00
 8.012E-01 4.612E-01 -2.671E-02 2.128E-01 5.557E-02 2.983E-02 3.583E-02 -1.924E-02 2.170E-01 1.666E+00
 8.136E-01 4.669E-01 -2.677E-02 2.123E-01 5.590E-02 2.981E-02 3.583E-02 -1.929E-02 2.175E-01 1.663E+00
 8.259E-01 4.726E-01 -2.680E-02 2.119E-01 5.621E-02 2.978E-02 3.583E-02 -1.933E-02 2.180E-01 1.659E+00
 8.383E-01 4.784E-01 -2.682E-02 2.114E-01 5.645E-02 2.975E-02 3.579E-02 -1.936E-02 2.183E-01 1.651E+00
 8.507E-01 4.842E-01 -2.683E-02 2.110E-01 5.668E-02 2.972E-02 3.574E-02 -1.938E-02 2.186E-01 1.642E+00
 8.630E-01 4.901E-01 -2.682E-02 2.106E-01 5.684E-02 2.967E-02 3.571E-02 -1.940E-02 2.188E-01 1.631E+00
 8.754E-01 4.961E-01 -2.681E-02 2.102E-01 5.700E-02 2.962E-02 3.567E-02 -1.942E-02 2.189E-01 1.620E+00
 8.878E-01 5.021E-01 -2.680E-02 2.098E-01 5.710E-02 2.956E-02 3.565E-02 -1.942E-02 2.189E-01 1.611E+00
 9.001E-01 5.081E-01 -2.679E-02 2.094E-01 5.719E-02 2.949E-02 3.563E-02 -1.943E-02 2.189E-01 1.602E+00
 9.125E-01 5.141E-01 -2.675E-02 2.090E-01 5.721E-02 2.941E-02 3.558E-02 -1.942E-02 2.187E-01 1.594E+00
 9.249E-01 5.201E-01 -2.669E-02 2.086E-01 5.718E-02 2.933E-02 3.552E-02 -1.940E-02 2.184E-01 1.588E+00
 9.372E-01 5.261E-01 -2.661E-02 2.083E-01 5.710E-02 2.922E-02 3.546E-02 -1.937E-02 2.180E-01 1.582E+00
 9.496E-01 5.322E-01 -2.653E-02 2.079E-01 5.695E-02 2.911E-02 3.538E-02 -1.934E-02 2.174E-01 1.576E+00
 9.620E-01 5.382E-01 -2.643E-02 2.076E-01 5.681E-02 2.898E-02 3.529E-02 -1.929E-02 2.167E-01 1.567E+00
 9.743E-01 5.443E-01 -2.632E-02 2.073E-01 5.664E-02 2.884E-02 3.520E-02 -1.924E-02 2.160E-01 1.561E+00
 9.867E-01 5.504E-01 -2.620E-02 2.070E-01 5.647E-02 2.870E-02 3.509E-02 -1.919E-02 2.152E-01 1.555E+00
 9.991E-01 5.566E-01 -2.609E-02 2.067E-01 5.630E-02 2.853E-02 3.491E-02 -1.911E-02 2.143E-01 1.543E+00
 1.011E+00 5.628E-01 -2.597E-02 2.064E-01 5.612E-02 2.837E-02 3.473E-02 -1.904E-02 2.134E-01 1.531E+00
 1.024E+00 5.690E-01 -2.583E-02 2.061E-01 5.595E-02 2.821E-02 3.452E-02 -1.896E-02 2.124E-01 1.526E+00
 1.036E+00 5.752E-01 -2.568E-02 2.059E-01 5.578E-02 2.804E-02 3.429E-02 -1.886E-02 2.114E-01 1.520E+00
 1.049E+00 5.813E-01 -2.554E-02 2.056E-01 5.564E-02 2.788E-02 3.405E-02 -1.878E-02 2.104E-01 1.511E+00
 1.061E+00 5.874E-01 -2.543E-02 2.053E-01 5.552E-02 2.771E-02 3.375E-02 -1.868E-02 2.094E-01 1.500E+00
 1.073E+00 5.934E-01 -2.531E-02 2.050E-01 5.540E-02 2.754E-02 3.345E-02 -1.859E-02 2.083E-01 1.488E+00
 1.086E+00 5.992E-01 -2.512E-02 2.047E-01 5.531E-02 2.736E-02 3.318E-02 -1.847E-02 2.073E-01 1.477E+00
 1.098E+00 6.050E-01 -2.493E-02 2.045E-01 5.522E-02 2.718E-02 3.288E-02 -1.835E-02 2.063E-01 1.469E+00
 1.110E+00 6.108E-01 -2.477E-02 2.042E-01 5.513E-02 2.700E-02 3.262E-02 -1.822E-02 2.054E-01 1.460E+00
 1.123E+00 6.166E-01 -2.461E-02 2.039E-01 5.503E-02 2.680E-02 3.238E-02 -1.809E-02 2.044E-01 1.449E+00
 1.135E+00 6.224E-01 -2.444E-02 2.037E-01 5.492E-02 2.659E-02 3.213E-02 -1.796E-02 2.034E-01 1.437E+00
 1.148E+00 6.281E-01 -2.422E-02 2.034E-01 5.478E-02 2.639E-02 3.180E-02 -1.782E-02 2.022E-01 1.426E+00
 1.160E+00 6.339E-01 -2.401E-02 2.032E-01 5.466E-02 2.617E-02 3.149E-02 -1.769E-02 2.010E-01 1.415E+00
 1.172E+00 6.396E-01 -2.380E-02 2.030E-01 5.451E-02 2.596E-02 3.114E-02 -1.753E-02 1.998E-01 1.401E+00
 1.185E+00 6.452E-01 -2.360E-02 2.027E-01 5.433E-02 2.576E-02 3.079E-02 -1.736E-02 1.985E-01 1.387E+00
 1.197E+00 6.509E-01 -2.339E-02 2.023E-01 5.415E-02 2.556E-02 3.045E-02 -1.719E-02 1.972E-01 1.374E+00
 1.209E+00 6.564E-01 -2.309E-02 2.021E-01 5.395E-02 2.536E-02 3.012E-02 -1.703E-02 1.959E-01 1.363E+00
 1.222E+00 6.619E-01 -2.276E-02 2.019E-01 5.371E-02 2.517E-02 2.977E-02 -1.685E-02 1.945E-01 1.351E+00
 1.234E+00 6.675E-01 -2.244E-02 2.016E-01 5.345E-02 2.498E-02 2.942E-02 -1.668E-02 1.930E-01 1.339E+00
 1.246E+00 6.732E-01 -2.218E-02 2.013E-01 5.317E-02 2.479E-02 2.910E-02 -1.651E-02 1.916E-01 1.326E+00
 1.259E+00 6.788E-01 -2.191E-02 2.010E-01 5.284E-02 2.459E-02 2.876E-02 -1.634E-02 1.901E-01 1.312E+00
 1.271E+00 6.845E-01 -2.161E-02 2.007E-01 5.249E-02 2.440E-02 2.843E-02 -1.616E-02 1.885E-01 1.299E+00
 1.284E+00 6.901E-01 -2.126E-02 2.005E-01 5.210E-02 2.421E-02 2.812E-02 -1.600E-02 1.869E-01 1.288E+00
 1.296E+00 6.956E-01 -2.091E-02 2.003E-01 5.172E-02 2.400E-02 2.783E-02 -1.584E-02 1.853E-01 1.271E+00
 1.308E+00 7.011E-01 -2.062E-02 2.000E-01 5.132E-02 2.379E-02 2.753E-02 -1.567E-02 1.837E-01 1.257E+00
 1.321E+00 7.065E-01 -2.038E-02 1.997E-01 5.090E-02 2.357E-02 2.721E-02 -1.549E-02 1.820E-01 1.245E+00
 1.333E+00 7.120E-01 -2.015E-02 1.994E-01 5.048E-02 2.335E-02 2.689E-02 -1.533E-02 1.803E-01 1.235E+00
 1.345E+00 7.172E-01 -1.982E-02 1.991E-01 5.003E-02 2.312E-02 2.657E-02 -1.516E-02 1.785E-01 1.221E+00
 1.358E+00 7.223E-01 -1.944E-02 1.989E-01 4.957E-02 2.290E-02 2.625E-02 -1.500E-02 1.767E-01 1.205E+00
 1.370E+00 7.275E-01 -1.905E-02 1.987E-01 4.908E-02 2.268E-02 2.592E-02 -1.483E-02 1.748E-01 1.192E+00
 1.383E+00 7.325E-01 -1.873E-02 1.984E-01 4.855E-02 2.246E-02 2.563E-02 -1.466E-02 1.730E-01 1.180E+00
 1.395E+00 7.374E-01 -1.844E-02 1.981E-01 4.800E-02 2.223E-02 2.535E-02 -1.449E-02 1.711E-01 1.169E+00
 1.407E+00 7.423E-01 -1.814E-02 1.977E-01 4.743E-02 2.201E-02 2.508E-02 -1.432E-02 1.692E-01 1.154E+00
 1.420E+00 7.470E-01 -1.774E-02 1.975E-01 4.685E-02 2.179E-02 2.477E-02 -1.414E-02 1.672E-01 1.140E+00
 1.432E+00 7.515E-01 -1.728E-02 1.973E-01 4.626E-02 2.157E-02 2.445E-02 -1.396E-02 1.652E-01 1.126E+00
 1.444E+00 7.560E-01 -1.683E-02 1.971E-01 4.569E-02 2.136E-02 2.411E-02 -1.378E-02 1.632E-01 1.113E+00
 1.457E+00 7.605E-01 -1.646E-02 1.968E-01 4.510E-02 2.114E-02 2.380E-02 -1.359E-02 1.612E-01 1.096E+00
 1.469E+00 7.650E-01 -1.618E-02 1.964E-01 4.450E-02 2.092E-02 2.352E-02 -1.340E-02 1.592E-01 1.077E+00
 1.481E+00 7.694E-01 -1.590E-02 1.960E-01 4.390E-02 2.070E-02 2.323E-02 -1.322E-02 1.572E-01 1.059E+00
 1.494E+00 7.738E-01 -1.557E-02 1.957E-01 4.331E-02 2.047E-02 2.296E-02 -1.303E-02 1.553E-01 1.042E+00
 1.506E+00 7.782E-01 -1.516E-02 1.955E-01 4.272E-02 2.023E-02 2.272E-02 -1.286E-02 1.534E-01 1.029E+00
 1.519E+00 7.826E-01 -1.474E-02 1.954E-01 4.214E-02 2.000E-02 2.248E-02 -1.269E-02 1.515E-01 1.017E+00
 1.531E+00 7.870E-01 -1.432E-02 1.952E-01 4.156E-02 1.975E-02 2.225E-02 -1.250E-02 1.496E-01 1.007E+00
 1.543E+00 7.911E-01 -1.414E-02 1.947E-01 4.104E-02 1.954E-02 2.198E-02 -1.234E-02 1.478E-01 9.975E-01
 1.556E+00 7.952E-01 -1.396E-02 1.943E-01 4.052E-02 1.933E-02 2.172E-02 -1.217E-02 1.460E-01 9.884E-01
 1.568E+00 7.994E-01 -1.377E-02 1.939E-01 4.000E-02 1.911E-02 2.145E-02 -1.200E-02 1.442E-01 9.783E-01
 1.580E+00 8.032E-01 -1.343E-02 1.936E-01 3.949E-02 1.889E-02 2.119E-02 -1.182E-02 1.424E-01 9.686E-01
 1.593E+00 8.070E-01 -1.301E-02 1.934E-01 3.899E-02 1.866E-02 2.093E-02 -1.164E-02 1.406E-01 9.594E-01
 1.605E+00 8.108E-01 -1.259E-02 1.932E-01 3.849E-02 1.844E-02 2.066E-02 -1.146E-02 1.389E-01 9.501E-01
 1.618E+00 8.145E-01 -1.223E-02 1.930E-01 3.799E-02 1.823E-02 2.040E-02 -1.128E-02 1.371E-01 9.394E-01
 1.630E+00 8.181E-01 -1.209E-02 1.925E-01 3.752E-02 1.803E-02 2.011E-02 -1.110E-02 1.354E-01 9.268E-01
 1.642E+00 8.217E-01 -1.196E-02 1.920E-01 3.704E-02 1.784E-02 1.983E-02 -1.093E-02 1.337E-01 9.142E-01
 1.655E+00 8.254E-01 -1.181E-02 1.915E-01 3.657E-02 1.765E-02 1.954E-02 -1.075E-02 1.320E-01 9.014E-01
 1.667E+00 8.289E-01 -1.145E-02 1.913E-01 3.607E-02 1.745E-02 1.925E-02 -1.058E-02 1.302E-01 8.891E-01
 1.679E+00 8.325E-01 -1.100E-02 1.911E-01 3.556E-02 1.726E-02 1.896E-02 -1.040E-02 1.285E-01 8.772E-01
 1.692E+00 8.361E-01 -1.055E-02 1.909E-01 3.505E-02 1.706E-02 1.866E-02 -1.022E-02 1.267E-01 8.653E-01
 1.704E+00 8.396E-01 -1.015E-02 1.907E-01 3.455E-02 1.686E-02 1.837E-02 -1.004E-02 1.249E-01 8.538E-01
 1.716E+00 8.430E-01 -1.005E-02 1.902E-01 3.413E-02 1.664E-02 1.808E-02 -9.869E-03 1.232E-01 8.438E-01
 1.729E+00 8.464E-01 -9.945E-03 1.897E-01 3.371E-02 1.643E-02 1.780E-02 -9.695E-03 1.216E-01 8.337E-01
 1.741E+00 8.498E-01 -9.843E-03 1.892E-01 3.329E-02 1.621E-02 1.751E-02 -9.522E-03 1.199E-01 8.237E-01
 1.754E+00 8.531E-01 -9.576E-03 1.889E-01 3.285E-02 1.601E-02 1.724E-02 -9.351E-03 1.183E-01 8.142E-01
 1.766E+00 8.562E-01 -9.140E-03 1.888E-01 3.240E-02 1.583E-02 1.702E-02 -9.186E-03 1.168E-01 8.045E-01
 1.778E+00 8.593E-01 -8.703E-03 1.887E-01 3.194E-02 1.565E-02 1.679E-02 -9.021E-03 1.152E-01 7.949E-01
 1.791E+00 8.624E-01 -8.266E-03 1.886E-01 3.149E-02 1.546E-02 1.656E-02 -8.857E-03 1.137E-01 7.851E-01
 1.803E+00 8.652E-01 -8.132E-03 1.882E-01 3.107E-02 1.527E-02 1.636E-02 -8.713E-03 1.122E-01 7.763E-01
 1.815E+00 8.681E-01 -8.139E-03 1.876E-01 3.067E-02 1.508E-02 1.616E-02 -8.579E-03 1.108E-01 7.682E-01
 1.828E+00 8.709E-01 -8.146E-03 1.871E-01 3.027E-02 1.489E-02 1.597E-02 -8.446E-03 1.094E-01 7.601E-01
 1.840E+00 8.737E-01 -8.151E-03 1.865E-01 2.988E-02 1.470E-02 1.578E-02 -8.313E-03 1.080E-01 7.518E-01
 1.853E+00 8.764E-01 -7.803E-03 1.864E-01 2.944E-02 1.451E-02 1.555E-02 -8.170E-03 1.065E-01 7.449E-01
 1.865E+00 8.791E-01 -7.389E-03 1.863E-01 2.901E-02 1.432E-02 1.533E-02 -8.024E-03 1.050E-01 7.384E-01
 1.877E+00 8.818E-01 -6.975E-03 1.862E-01 2.857E-02 1.413E-02 1.510E-02 -7.878E-03 1.035E-01 7.319E-01
 1.890E+00 8.845E-01 -6.559E-03 1.861E-01 2.813E-02 1.394E-02 1.487E-02 -7.732E-03 1.019E-01 7.254E-01
 1.902E+00 8.871E-01 -6.589E-03 1.855E-01 2.771E-02 1.378E-02 1.463E-02 -7.589E-03 1.005E-01 7.178E-01
 1.914E+00 8.897E-01 -6.670E-03 1.849E-01 2.729E-02 1.361E-02 1.439E-02 -7.447E-03 9.898E-02 7.100E-01
 1.927E+00 8.924E-01 -6.750E-03 1.842E-01 2.688E-02 1.345E-02 1.416E-02 -7.305E-03 9.752E-02 7.022E-01
 1.939E+00 8.950E-01 -6.831E-03 1.836E-01 2.646E-02 1.329E-02 1.392E-02 -7.163E-03 9.605E-02 6.945E-01
 1.951E+00 8.973E-01 -6.455E-03 1.835E-01 2.607E-02 1.311E-02 1.372E-02 -7.020E-03 9.467E-02 6.869E-01
 1.964E+00 8.995E-01 -6.008E-03 1.834E-01 2.569E-02 1.293E-02 1.352E-02 -6.877E-03 9.331E-02 6.794E-01
 1.976E+00 9.017E-01 -5.561E-03 1.833E-01 2.530E-02 1.275E-02 1.332E-02 -6.735E-03 9.194E-02 6.719E-01
 1.989E+00 9.039E-01 -5.113E-03 1.833E-01 2.492E-02 1.257E-02 1.312E-02 -6.592E-03 9.058E-02 6.644E-01
 2.001E+00 9.061E-01 -5.102E-03 1.827E-01 2.459E-02 1.241E-02 1.293E-02 -6.459E-03 8.937E-02 6.562E-01
 2.013E+00 9.083E-01 -5.247E-03 1.821E-01 2.429E-02 1.227E-02 1.273E-02 -6.329E-03 8.822E-02 6.478E-01
 2.026E+00 9.104E-01 -5.391E-03 1.814E-01 2.399E-02 1.212E-02 1.254E-02 -6.199E-03 8.708E-02 6.394E-01
 2.038E+00 9.126E-01 -5.535E-03 1.807E-01 2.369E-02 1.197E-02 1.235E-02 -6.069E-03 8.593E-02 6.310E-01
 2.050E+00 9.146E-01 -5.372E-03 1.804E-01 2.343E-02 1.182E-02 1.216E-02 -5.937E-03 8.487E-02 6.242E-01
 2.063E+00 9.165E-01 -4.914E-03 1.803E-01 2.322E-02 1.165E-02 1.199E-02 -5.803E-03 8.388E-02 6.187E-01
 2.075E+00 9.184E-01 -4.456E-03 1.803E-01 2.301E-02 1.148E-02 1.182E-02 -5.669E-03 8.290E-02 6.132E-01
 2.088E+00 9.203E-01 -3.998E-03 1.803E-01 2.280E-02 1.131E-02 1.166E-02 -5.535E-03 8.192E-02 6.077E-01
 2.100E+00 9.222E-01 -3.671E-03 1.802E-01 2.257E-02 1.114E-02 1.149E-02 -5.402E-03 8.090E-02 6.021E-01
 2.112E+00 9.241E-01 -3.891E-03 1.795E-01 2.226E-02 1.098E-02 1.131E-02 -5.280E-03 7.975E-02 5.964E-01
 2.125E+00 9.260E-01 -4.110E-03 1.788E-01 2.194E-02 1.083E-02 1.114E-02 -5.159E-03 7.859E-02 5.907E-01
 2.137E+00 9.279E-01 -4.328E-03 1.781E-01 2.163E-02 1.067E-02 1.096E-02 -5.037E-03 7.743E-02 5.850E-01
 2.149E+00 9.298E-01 -4.546E-03 1.774E-01 2.132E-02 1.051E-02 1.079E-02 -4.915E-03 7.627E-02 5.792E-01
 2.162E+00 9.314E-01 -4.213E-03 1.773E-01 2.101E-02 1.036E-02 1.063E-02 -4.793E-03 7.517E-02 5.735E-01
 2.174E+00 9.329E-01 -3.700E-03 1.774E-01 2.072E-02 1.021E-02 1.047E-02 -4.671E-03 7.409E-02 5.679E-01
 2.186E+00 9.343E-01 -3.188E-03 1.774E-01 2.042E-02 1.006E-02 1.031E-02 -4.549E-03 7.301E-02 5.622E-01
 2.199E+00 9.358E-01 -2.676E-03 1.775E-01 2.013E-02 9.910E-03 1.015E-02 -4.427E-03 7.193E-02 5.566E-01
 2.211E+00 9.372E-01 -2.353E-03 1.773E-01 1.984E-02 9.764E-03 1.000E-02 -4.308E-03 7.088E-02 5.510E-01
 2.224E+00 9.385E-01 -2.663E-03 1.766E-01 1.956E-02 9.623E-03 9.893E-03 -4.197E-03 6.994E-02 5.456E-01
 2.236E+00 9.398E-01 -2.969E-03 1.759E-01 1.929E-02 9.482E-03 9.788E-03 -4.087E-03 6.901E-02 5.401E-01
 2.248E+00 9.411E-01 -3.274E-03 1.751E-01 1.901E-02 9.342E-03 9.682E-03 -3.976E-03 6.807E-02 5.345E-01
 2.261E+00 9.424E-01 -3.579E-03 1.744E-01 1.874E-02 9.201E-03 9.576E-03 -3.866E-03 6.714E-02 5.290E-01
 2.273E+00 9.433E-01 -3.391E-03 1.742E-01 1.851E-02 9.061E-03 9.474E-03 -3.750E-03 6.630E-02 5.248E-01
 2.285E+00 9.441E-01 -2.841E-03 1.743E-01 1.831E-02 8.922E-03 9.376E-03 -3.629E-03 6.552E-02 5.216E-01
 2.298E+00 9.448E-01 -2.291E-03 1.745E-01 1.811E-02 8.782E-03 9.278E-03 -3.507E-03 6.473E-02 5.183E-01
 2.310E+00 9.455E-01 -1.741E-03 1.746E-01 1.791E-02 8.642E-03 9.179E-03 -3.385E-03 6.395E-02 5.151E-01
 2.323E+00 9.462E-01 -1.192E-03 1.747E-01 1.771E-02 8.503E-03 9.081E-03 -3.264E-03 6.317E-02 5.119E-01
 2.335E+00 9.471E-01 -1.430E-03 1.741E-01 1.749E-02 8.375E-03 8.991E-03 -3.136E-03 6.238E-02 5.075E-01
 2.347E+00 9.480E-01 -1.809E-03 1.734E-01 1.727E-02 8.250E-03 8.901E-03 -3.008E-03 6.160E-02 5.026E-01
 2.360E+00 9.489E-01 -2.188E-03 1.727E-01 1.704E-02 8.125E-03 8.812E-03 -2.879E-03 6.082E-02 4.977E-01
 2.372E+00 9.498E-01 -2.567E-03 1.720E-01 1.682E-02 8.000E-03 8.722E-03 -2.751E-03 6.004E-02 4.928E-01
 2.384E+00 9.507E-01 -2.946E-03 1.712E-01 1.660E-02 7.875E-03 8.633E-03 -2.623E-03 5.926E-02 4.879E-01
 2.397E+00 9.508E-01 -2.364E-03 1.715E-01 1.646E-02 7.733E-03 8.568E-03 -2.509E-03 5.864E-02 4.850E-01
 2.409E+00 9.508E-01 -1.746E-03 1.717E-01 1.633E-02 7.588E-03 8.504E-03 -2.398E-03 5.803E-02 4.821E-01
 2.421E+00 9.508E-01 -1.128E-03 1.720E-01 1.619E-02 7.444E-03 8.441E-03 -2.286E-03 5.742E-02 4.792E-01
 2.434E+00 9.509E-01 -5.098E-04 1.723E-01 1.606E-02 7.300E-03 8.377E-03 -2.175E-03 5.681E-02 4.763E-01
 2.446E+00 9.509E-01 1.084E-04 1.726E-01 1.593E-02 7.155E-03 8.314E-03 -2.063E-03 5.620E-02 4.734E-01
 2.459E+00 9.510E-01 -3.832E-04 1.719E-01 1.576E-02 7.030E-03 8.303E-03 -1.953E-03 5.565E-02 4.721E-01
 2.471E+00 9.511E-01 -8.726E-04 1.711E-01 1.559E-02 6.905E-03 8.292E-03 -1.842E-03 5.510E-02 4.707E-01
 2.483E+00 9.512E-01 -1.362E-03 1.704E-01 1.542E-02 6.780E-03 8.281E-03 -1.731E-03 5.456E-02 4.693E-01
 2.496E+00 9.513E-01 -1.852E-03 1.696E-01 1.525E-02 6.655E-03 8.270E-03 -1.620E-03 5.401E-02 4.679E-01
 2.508E+00 9.513E-01 -2.341E-03 1.689E-01 1.508E-02 6.530E-03 8.260E-03 -1.509E-03 5.346E-02 4.665E-01
 2.520E+00 9.505E-01 -1.799E-03 1.691E-01 1.493E-02 6.401E-03 8.233E-03 -1.393E-03 5.292E-02 4.663E-01
 2.533E+00 9.496E-01 -1.107E-03 1.696E-01 1.479E-02 6.272E-03 8.203E-03 -1.276E-03 5.237E-02 4.663E-01
 2.545E+00 9.486E-01 -4.156E-04 1.700E-01 1.464E-02 6.143E-03 8.172E-03 -1.159E-03 5.183E-02 4.663E-01
 2.558E+00 9.476E-01 2.761E-04 1.704E-01 1.449E-02 6.015E-03 8.142E-03 -1.042E-03 5.128E-02 4.663E-01
 2.570E+00 9.467E-01 9.677E-04 1.708E-01 1.435E-02 5.886E-03 8.112E-03 -9.247E-04 5.073E-02 4.663E-01
 2.582E+00 9.458E-01 8.243E-04 1.705E-01 1.425E-02 5.784E-03 8.116E-03 -8.077E-04 5.038E-02 4.660E-01
 2.595E+00 9.449E-01 2.542E-04 1.697E-01 1.418E-02 5.696E-03 8.139E-03 -6.923E-04 5.014E-02 4.657E-01
 2.607E+00 9.440E-01 -3.129E-04 1.689E-01 1.410E-02 5.608E-03 8.162E-03 -5.771E-04 4.989E-02 4.653E-01
 2.619E+00 9.431E-01 -8.800E-04 1.681E-01 1.403E-02 5.521E-03 8.184E-03 -4.620E-04 4.964E-02 4.649E-01
 2.632E+00 9.423E-01 -1.447E-03 1.673E-01 1.396E-02 5.433E-03 8.207E-03 -3.468E-04 4.940E-02 4.645E-01
 2.644E+00 9.406E-01 -1.616E-03 1.669E-01 1.392E-02 5.347E-03 8.230E-03 -2.303E-04 4.922E-02 4.665E-01
 2.656E+00 9.372E-01 -8.175E-04 1.674E-01 1.398E-02 5.265E-03 8.254E-03 -1.108E-04 4.921E-02 4.744E-01
 2.669E+00 9.338E-01 -1.319E-05 1.679E-01 1.403E-02 5.182E-03 8.277E-03 8.316E-06 4.920E-02 4.824E-01
 2.681E+00 9.305E-01 7.911E-04 1.685E-01 1.408E-02 5.099E-03 8.300E-03 1.274E-04 4.919E-02 4.903E-01
 2.694E+00 9.271E-01 1.595E-03 1.690E-01 1.413E-02 5.016E-03 8.323E-03 2.465E-04 4.917E-02 4.982E-01
 2.706E+00 9.237E-01 2.400E-03 1.695E-01 1.419E-02 4.933E-03 8.347E-03 3.655E-04 4.916E-02 5.062E-01
 2.718E+00 9.203E-01 2.018E-03 1.690E-01 1.443E-02 4.878E-03 8.476E-03 5.104E-04 4.972E-02 5.193E-01
 2.731E+00 9.169E-01 1.365E-03 1.681E-01 1.471E-02 4.830E-03 8.630E-03 6.614E-04 5.041E-02 5.336E-01
 2.743E+00 9.135E-01 7.128E-04 1.673E-01 1.499E-02 4.782E-03 8.784E-03 8.124E-04 5.111E-02 5.479E-01
 2.755E+00 9.102E-01 6.018E-05 1.664E-01 1.527E-02 4.734E-03 8.938E-03 9.634E-04 5.180E-02 5.622E-01
 2.768E+00 9.068E-01 -5.925E-04 1.656E-01 1.555E-02 4.685E-03 9.093E-03 1.114E-03 5.250E-02 5.766E-01
 2.780E+00 9.024E-01 -9.725E-04 1.650E-01 1.583E-02 4.654E-03 9.237E-03 1.265E-03 5.320E-02 5.923E-01
 2.793E+00 8.928E-01 -3.499E-05 1.656E-01 1.610E-02 4.705E-03 9.336E-03 1.412E-03 5.394E-02 6.151E-01
 2.805E+00 8.832E-01 9.107E-04 1.662E-01 1.636E-02 4.756E-03 9.435E-03 1.560E-03 5.469E-02 6.383E-01
 2.817E+00 8.737E-01 1.856E-03 1.668E-01 1.663E-02 4.807E-03 9.535E-03 1.707E-03 5.543E-02 6.615E-01
 2.830E+00 8.641E-01 2.802E-03 1.674E-01 1.689E-02 4.858E-03 9.634E-03 1.854E-03 5.617E-02 6.847E-01
 2.842E+00 8.545E-01 3.748E-03 1.680E-01 1.716E-02 4.909E-03 9.733E-03 2.001E-03 5.692E-02 7.079E-01
 2.854E+00 8.467E-01 4.007E-03 1.681E-01 1.773E-02 4.873E-03 9.941E-03 2.211E-03 5.826E-02 7.532E-01
 2.867E+00 8.414E-01 3.270E-03 1.673E-01 1.878E-02 4.706E-03 1.031E-02 2.515E-03 6.049E-02 8.328E-01
 2.879E+00 8.360E-01 2.535E-03 1.666E-01 1.982E-02 4.540E-03 1.068E-02 2.819E-03 6.271E-02 9.124E-01
 2.892E+00 8.306E-01 1.801E-03 1.658E-01 2.086E-02 4.373E-03 1.105E-02 3.123E-03 6.494E-02 9.921E-01
 2.904E+00 8.253E-01 1.066E-03 1.650E-01 2.190E-02 4.207E-03 1.142E-02 3.427E-03 6.717E-02 1.072E+00
 2.916E+00 8.199E-01 3.315E-04 1.643E-01 2.295E-02 4.040E-03 1.179E-02 3.730E-03 6.940E-02 1.151E+00
 2.929E+00 7.957E-01 3.222E-04 1.643E-01 2.281E-02 4.114E-03 1.174E-02 3.835E-03 6.920E-02 1.153E+00
 2.941E+00 7.511E-01 1.104E-03 1.652E-01 2.142E-02 4.448E-03 1.124E-02 3.731E-03 6.642E-02 1.071E+00
 2.953E+00 7.066E-01 1.886E-03 1.661E-01 2.003E-02 4.781E-03 1.074E-02 3.626E-03 6.363E-02 9.892E-01
 2.966E+00 6.620E-01 2.668E-03 1.670E-01 1.864E-02 5.115E-03 1.024E-02 3.521E-03 6.085E-02 9.072E-01
 2.978E+00 6.174E-01 3.450E-03 1.679E-01 1.725E-02 5.448E-03 9.744E-03 3.416E-03 5.807E-02 8.251E-01
 2.990E+00 5.729E-01 4.232E-03 1.688E-01 1.586E-02 5.782E-03 9.245E-03 3.311E-03 5.529E-02 7.431E-01
 3.003E+00 4.731E-01 4.058E-03 1.465E-01 1.302E-02 5.172E-03 7.747E-03 2.812E-03 4.643E-02 6.015E-01
 3.015E+00 2.950E-01 2.530E-03 9.133E-02 8.119E-03 3.225E-03 4.830E-03 1.753E-03 2.895E-02 3.750E-01
 3.028E+00 1.173E-01 1.005E-03 3.631E-02 3.229E-03 1.282E-03 1.921E-03 6.972E-04 1.151E-02 1.492E-01
